1,2,3,4,5,6,7,8,9
1,2,3,4,5,6,7,8,9
1,2,3,4,5,6,7,8,9
Informal,0
-+-+-+-+-+-+-+
(9,7,3,1,5) : 1
(3,6,8,9,1,2,4,5,7) : 1
(1,7,5,6) : 2
(4,7,5,6,9,2,1,8,3) : 1
(3,5) : 50
(3,4,7,5,6,8,9,2,1) : 1
(9,4,3,7,6,1,5,2,8) : 1
(2,8,6) : 1
(2,4,6,9) : 1
(3,9,1,2,7,8) : 1
(1,7,9) : 4
(6,4,5,3,7,9,1,2,8) : 1
(3,9,8,7) : 1
(4,2,3,5,6,7,8,1,9) : 1
(8,9,7) : 2
(6,7,3,5,8,9,1,2,4) : 1
(3,7,6,5,2) : 1
(3,6,7,9,5,4) : 1
(6,9,5) : 5
(2,3,7) : 4
(7,4) : 12
(6,4,5,2,3,7,8,1,9) : 1
(2,7,4) : 5
(5,8,1,3) : 2
(3,2,9,7,5) : 1
(6,1,5,3) : 2
(4,3,2,5,8,7,1,9,6) : 1
(1,9,8,2,7,5,3,6,4) : 1
(3,4,5,7,2) : 1
(3,4,5,1) : 1
(7,6,5,4,1,9,3,2,8) : 1
(3,9,1,7,5) : 1
(2,5) : 18
(6,3,5) : 18
(7,9,5,2) : 1
(5,4,2,7,6) : 1
(7,9,3) : 8
(4,6,5,2,8) : 1
(9,2,8) : 2
(3,5,7,6,9,1) : 1
(2,5,7,4,3) : 1
(6,5,7,9,1,4,8,2,3) : 1
(6,5,7) : 49
(4,2,9,7,5,6,1,8) : 1
(1,3,8,9,6) : 1
(2,7,5,8) : 1
(4,7,3) : 3
(6,4,9,1,7,8,5,2,3) : 1
(6,1) : 9
(2,7,1,9) : 1
(7,5,3,4,6) : 1
(3,1,6,9) : 1
(7,2,6,1) : 1
(5,6,7,8) : 1
(6,8,1,3,7,9,5,2,4) : 1
(3,6,9,1,8) : 1
(4,6,5,7,3,2,1,8,9) : 1
(3,8,9,2,7,5,4,1,6) : 1
(3,1,2,4,5,7,8,9,6) : 1
(6,3,1,2,4,7,5,8,9) : 1
(6,1,7,9,8,2,4,5,3) : 1
(8,9,3,1,7,5,4,2,6) : 1
(9,8,4,1,2,5,6,3,7) : 1
(2,3,5,6) : 1
(3,7,5,2,8) : 1
(6,7,5,8,9,2,1,4,3) : 1
(6,3,4,9) : 1
(8,3,9,6) : 2
(8,2,5,3,6) : 1
(4,3,5,7,6,2,8,9,1) : 1
(2,9,5) : 1
(5,7,4,9,3,6,2,1,8) : 1
(4,2,5,3) : 6
(8,1) : 2
(7,4,5,2,3) : 1
(6,1,8,9,3,4,2,5,7) : 1
(3,6,1,5,8,9,7,4,2) : 1
(6,7,5,4,2,8,3,1,9) : 2
(7,9,3,5,2,1,8,6,4) : 1
(3,1,9,7,8) : 1
(3,1,2) : 2
(7,6,5,1,9) : 1
(3,1,5,4,8,2,9) : 1
(1,7,9,8,2,3,6,5,4) : 1
(4,1,2,5,6,7,8,3,9) : 1
(3,9,1,7,8,2,5,4,6) : 1
(9,8,2) : 1
(6,5,2,8,4) : 1
(3,1,5,4,6) : 2
(3,9,7,1,5,4,6) : 1
(3,5,7,2,8) : 1
(3,8,6) : 9
(4,5,3,6,2,8) : 1
(5,6,4,7) : 5
(6,7,2,5,8) : 1
(3,9,6,1,2,7,8,5,4) : 1
(8,3,6,9) : 3
(7,5,9,2) : 2
(5,3,6,4,2,8,1,9,7) : 1
(6,7,4,9) : 2
(7,9,1,3,5,6) : 1
(8,6,5) : 3
(7,6,2,5,9) : 1
(5,1,2) : 1
(6,8,1,9) : 1
(3,1,2,5,9,8,7,6,4) : 1
(8,2,9) : 1
(8,7,3) : 2
(3,6,5,1,8,9,7,4,2) : 1
(5,2,7,3) : 1
(1,2,3,4,5,6,7,8,9) : 3
(3,2,8,7) : 1
(8,1,4,6) : 1
(1,7,9,5,3,2,8,6,4) : 1
(4,6,5,1,2,7,8,3,9) : 1
(5,6,7,3,4) : 1
(3,5,7,4,6,9,1,2,8) : 1
(4,5,7,8,2,6,1,3,9) : 1
(5,2,7,3,1) : 1
(1,5) : 1
(2,4,3,8,7) : 1
(7,6,5,4,3,8,2,1,9) : 1
(1,6,9,7,2,8) : 1
(7,9,2,8) : 1
(5,2,7,4) : 4
(7,8,1) : 1
(8,1,3) : 6
(3,7,1,9,5) : 1
(6,1,3,5,4,2,7,9,8) : 1
(8,6,3,7,5,4,2,1,9) : 1
(6,8,5,1,9,7,4,2,3) : 1
(2,3,4,7,5,1,9,8) : 1
(8,3,6,1) : 9
(6,5,7,4,3,2,8,9,1) : 1
(6,1,2,8,9) : 1
(7,5,3,2,9,8,6,4,1) : 1
(7,6,9) : 6
(3,6,7,9) : 3
(3,9,5,6) : 3
(6,5,4,8) : 3
(4,6) : 29
(6,9,2,3) : 1
(5,9,7,3) : 2
(7,5,4,3,6) : 1
(2,7,3,4) : 2
(3,8,6,1) : 5
(2,6,7) : 2
(5,2,4,7,1,6,3) : 1
(8,3,9,2) : 1
(9,7,1,3,2,8,5,4,6) : 1
(9,3,5,7,2) : 1
(5,7,3,4) : 2
(6,1,4) : 1
(5,7,9,3,6) : 1
(4,5,6,7) : 5
(5,3,4,2) : 1
(3,5,2,7,8,9,4,6,1) : 1
(5,9,3,1) : 1
(2,9,7) : 3
(6,1,3,9) : 2
(5,6,3,7,4) : 1
(7,5,2,8,4) : 1
(3,7,1,6,9) : 1
(3,9,8,6,1,2,4,5,7) : 1
(2,7,3,8,1) : 1
(5,4,7,2) : 2
(3,9,7,6) : 1
(5,1,7,6) : 1
(4,2,5,6,7) : 1
(3,7,8,9) : 2
(4,7,1) : 1
(7,1,5,3,9) : 2
(4,3,1,6) : 1
(3,5,6) : 9
(6,7,1,5) : 2
(7,5,9,1) : 2
(3,7,9,1,6,8,2,5,4) : 1
(6,3,8,7) : 1
(3,1,4,9,7,2) : 1
(5,3,7) : 18
(3,2) : 17
(2,7,5,9,1,6,8,3,4) : 1
(6,9,3,7) : 3
(4,5,3,2,6,7,8,9,1) : 2
(8,3,9,1,2,4,5,7) : 1
(3,5,8,9,4,2,1,7,6) : 1
(6,8,9,7) : 1
(7,1,8) : 1
(7,1,5,6) : 1
(3,9,8,6) : 1
(7,2,4) : 3
(5,3,1,7) : 1
(9,7,2,3) : 1
(3,5,4,7,6) : 1
(9,1) : 11
(2,1,5) : 1
(9,3,6,7,5) : 1
(5,2,4,7) : 6
(4,5,6,7,2) : 1
(5,4,6,3,9,7,2,8,1) : 1
(4,5,3,6,2,7,9,8,1) : 1
(1,9,3,6) : 1
(7,8,3,2,1,4,9,5,6) : 1
(6,5,7,4,2) : 1
(6,9,7,3,5,1,2,8,4) : 1
(5,6,4,7,2) : 2
(3,4,5,6) : 7
(6,8,7,5,2) : 1
(9,7,8,2,5,3,1,4,6) : 1
(2,6,8,7,9,5,1,3,4) : 1
(8,9,1,3) : 1
(5,4,2,3,8,6,7,1,9) : 1
(7,3,4,6) : 1
(3,1,8,6) : 1
(6,2,3,5,8) : 1
(3,6,8,1,4,9,7,5,2) : 3
(6,3,2,5,8,1,7,4,9) : 1
(3,6,5,8,7,1,2,9,4) : 1
(3,6,5,9) : 2
(7,9,1,2,8,6,5) : 1
(4,2,5,1) : 1
(3,4) : 27
(4,2,5,6,8,1,3,9,7) : 1
(6,4,5,2,8,7,9,1,3) : 1
(5,9,7,1) : 1
(7,9,2,1,3) : 1
(5,7,3,9) : 1
(5,3,7,1,4,6,9,8,2) : 1
(3,1,5,7) : 2
(5,3,7,6,8) : 1
(2,8,4,5) : 1
(5,2,1) : 1
(8,6,5,3) : 1
(3,7,5,2,8,1,9) : 1
(5,6,8,7) : 1
(5,9,3,4) : 1
(1,4) : 2
(3,6,9,5) : 2
(2,4,8,7) : 2
(9,8,3,1,2) : 1
(6,7,5,2) : 2
(8,2,3,1,4,5,6,7,9) : 1
(2,6,5) : 3
(6,5,4,8,2,7) : 1
(3,6,7,5,4) : 1
(3,2,9) : 2
(3,6,7,5) : 7
(3,7,9,5,2,8,1,4,6) : 1
(9,7,6) : 3
(3,8,6,9) : 1
(3,6,5,7,1,9) : 1
(1,6,8,3,9,2) : 1
(3,1,9) : 7
(5,4,2,7,9) : 1
(3,5,4,7) : 4
(9,3,1,6) : 1
(6,2,3) : 1
(8,9,3) : 4
(9,1,7,3) : 3
(8,3,9,1) : 2
(3,4,5,6,2,7,8,1,9) : 1
(4,7,2,5) : 2
(2,4,5,7,8) : 1
(9,8,7,4,2,1,3,5,6) : 1
(3,5,7,6,2,4,9,8,1) : 1
(1,3,9,2) : 2
(5,9,7,4,3,2,6,8) : 1
(6,3,5,4) : 3
(1,3,7) : 3
(6,8,3,9,1,5,7,4,2) : 1
(3,7,4,2) : 1
(6,8,9) : 7
(4,2,7,5,1,3,6,8,9) : 1
(3,1,8,9,2,4,7,6,5) : 1
(9,5,2,7) : 1
(1,5,6,8,7,4,3,2,9) : 1
(7,5,6,9) : 5
(5,7,1,9,6,3,4) : 1
(6,8,9,7,5,4,3,2,1) : 1
(3,5,4,7,2,6,8,1,9) : 1
(1,2,3,5,6,7,9,8,4) : 1
(5,4,7,3) : 2
(6,4,7,5,2) : 2
(6,7,9,8,5,1,2,4,3) : 1
(3,7,2,9) : 1
(6,4,7,2) : 1
(3,8,4,5,7) : 1
(6,7,9,2,8,1,5,3,4) : 1
(3,8,1,2) : 1
(8,3,9) : 18
(1,8,9,2) : 1
(3,1,9,8) : 1
(3,9,8,6,1,7) : 1
(2,9,6,3) : 1
(6,5,3,7,9) : 1
(5,6,7,4,3) : 1
(1,5,7,9) : 2
(6,4,2,3) : 1
(6,9) : 28
(4,2,8,5,6,7,3,9,1) : 1
(7,6,4,9,8,3,1,2,5) : 1
(3,7,4,5,2) : 1
(8,1,3,5,7,9,2,4,6) : 1
(3,2,5,9) : 1
(6,3,5,2) : 2
(6,3,8,1,9,7,2,5,4) : 1
(7,9,6,5) : 1
(4,2,8,6,5) : 1
(5,4,2) : 10
(3,7,2,5) : 5
(9,1,2,7,6) : 1
(6,5) : 86
(7,3,9,5,1) : 1
(6,3,4,5,7,1,2,8,9) : 1
(9,2,3,4,8,7,5,1,6) : 1
(7,8,5,6) : 1
(3,2,5,9,8,4,1,6,7) : 1
(4,2,5,7,8,9,1,3) : 1
(6,5,1,2,3,4,7,8,9) : 1
(6,3,5,7,1) : 1
(3,9,1) : 16
(8,6,3,1,5) : 2
(3,1,9,5) : 2
(6,5,4,8,2,7,1,9,3) : 1
(5,3,6,7,1) : 1
(3,9,1,6,2,4,5,7,8) : 1
(6,7,5,9) : 2
(4,2,5,8) : 3
(5,7) : 72
(5,4,7,6,3) : 1
(7,5,3,8,6) : 1
(4,7,2) : 13
(3,4,5,2) : 5
(2,5,6,3,9,7) : 1
(1,3,8,9) : 1
(3,1,7) : 7
(5) : 160
(1,5,3,6,7,9,2,8,4) : 1
(3,7,5,9,1,8,4,2) : 1
(4,7,8) : 1
(5,9,8,7) : 1
(5,7,9,8,4) : 1
(7,9,3,8,2) : 1
(5,7,4,2,1) : 1
(6,7,9,3,1,5,8,2,4) : 1
(6,3,5,7,4) : 1
(3,6,5,1) : 1
(3,9,7,2,1,8,5) : 1
(6,4,8,7,5,1,2) : 1
(6,3,1,7,2,9,5,4,8) : 1
(8,9,5,3,2,1,7,6,4) : 1
(9,1,6,7,5) : 1
(6,8,3,2,1,4,5,7,9) : 1
(7,3,6,5,1,2,8,4,9) : 1
(5,7,3,2) : 1
(6,7,9,4,5,1,8,2,3) : 1
(3,2,7) : 4
(5,7,6) : 35
(7,6,2,8,9,4,5,3,1) : 1
(3,8,1,9,2,6,7) : 1
(7,5,4,6,2,8,1,9,3) : 1
(5,2,8,1,7) : 1
(3,1,6,8,9,5,4,2,7) : 1
(3,7,9,2,1,8) : 1
(5,3,6,7,9,2) : 1
(1,6,3,7,5) : 1
(8,3,5,7,2,6,4,1,9) : 1
(7,3,8,4,5,1,2,9,6) : 1
(6,7,9,5) : 3
(3,4,8) : 2
(5,3,4) : 4
(6,3,1,8) : 4
(5,7,4,2) : 3
(4,6,5,3,2) : 1
(6,4,1) : 2
(3,5,7,9) : 7
(7,5,6,3) : 10
(8,1,3,9) : 2
(6,8,5,7) : 3
(3,5,2,6) : 1
(7,9,5,4) : 1
(4,3,7,5,6) : 1
(4,5,7,3,8,2,6,1,9) : 1
(4,8) : 2
(3,8,4) : 1
(6,8,9,3,1,2,5,4,7) : 1
(7,5,2,4,6,8,3,1,9) : 1
(4,8,2) : 1
(1,3,6,9,2,8,7,4,5) : 1
(1,9,7) : 2
(8,1,2) : 1
(3,9,6,1,4,2,5,7,8) : 1
(6,3,9,5,4,2,1,7,8) : 1
(2,1,6) : 1
(3,2,4,7,8) : 1
(6,8,3,1,4,7,9,5,2) : 1
(5,6,9,3) : 1
(3,2,7,8) : 1
(9,2,1,8,7,6,3,5,4) : 1
(9,3,2) : 3
(9,3,7) : 6
(5,2,1,8,7) : 1
(3,5,6,2,1,7,8,9,4) : 1
(4,6,3,2,7,5) : 1
(5,7,2,4) : 4
(9,6,3,5,7,1,2,8,4) : 1
(8,1,6,7,9,5,4,3,2) : 1
(7,4,5,3,2,6) : 1
(9,7,2) : 1
(3,7,6,2,8,4,5,1,9) : 1
(2,3,1,4,5,7,9,6,8) : 1
(3,2,4,6) : 1
(7,8,4,2,6) : 1
(8,7,2,6) : 1
(3,2,7,1) : 1
(8,6,2) : 1
(7,2,1) : 1
(4,5,2,9) : 1
(4,5,1,6) : 1
(8,7,3,5,6,4,2,1) : 1
(3,7,5,9) : 6
(8,3) : 72
(6,7,5,1) : 2
(5,1,7,9,8,2,6,3,4) : 1
(3,8,9,6,1,2,5,4,7) : 2
(8,4,6) : 1
(3,7,4,5) : 1
(9,3,1,5) : 4
(6,9,4) : 1
(4,6,7,9,8,5,2) : 1
(4,5,2,7,8,3) : 1
(6,8,9,3,1,2,4,7,5) : 1
(6,3,5,8) : 4
(8,5) : 3
(7,5,2) : 11
(3,4,7) : 13
(9,7,8) : 1
(2,7,6) : 1
(3,6,7,5,9,8,2,4,1) : 1
(8,6) : 17
(6,5,3,2,1,4,7,8,9) : 1
(5,7,6,4,2) : 1
(7,9,3,5,1) : 1
(3,7,8) : 7
(3,9,1,2,7,8,5) : 1
(7,1,9,5,3,8,2,6,4) : 1
(2,4) : 38
(1,3,8) : 1
(9,8,3,2,5,7,1,6,4) : 1
(9,6,3,1,2,4,5,7,8) : 2
(9,3,5,6) : 1
(9,7,5,1,2,4,6,8,3) : 1
(4,9,5,1,2,7,8,6,3) : 2
(3,6,4,9) : 1
(2,9,7,6) : 1
(7,5,3,2,1) : 1
(7,5,1,2,9,6,3) : 2
(3,1,2,4,5,7,6,9,8) : 1
(7,4,5,3,2,6,8,9,1) : 1
(3,5,8) : 6
(8,9,7,1,2,3,4,5,6) : 1
(8,3,9,7,5,6,4,2,1) : 1
(4,2,1,8,9,7,6,5,3) : 1
(3,8,1,9) : 3
(8,3,1,2,4,5,6,7,9) : 1
(9,3,1,5,2) : 1
(6,3,1,5,7,2,8,9,4) : 1
(5,9) : 4
(6,2,8,3,1,4,9,5,7) : 1
(4,2,6,5,7,8,3,1,9) : 1
(7,5,2,8) : 2
(2,7,5,8,6,4,3,1,9) : 1
(4,6,5,7) : 2
(1,7,9,6,5,8,2,3,4) : 1
(9,6,4,2,1,5) : 1
(6,9,1,3,7) : 1
(6,1,5) : 2
(9,4,7,5,2) : 1
(3,6,8,1,9) : 1
(7,4,2,5,8,3,1,6,9) : 1
(6,5,7,8) : 1
(6,3,7,5,4,2,1,8,9) : 1
(6,9,1,2,5,7) : 2
(9,7,5) : 3
(1,9,6,5,8,2,7,4,3) : 1
(6,5,7,9) : 5
(8,3,4) : 1
(6,5,7,8,4) : 1
(4,5,6,7,9) : 1
(3,6,8,9,1,5,4,2,7) : 1
(1,6) : 7
(3,1,2,5,6,7,8,9) : 1
(6,7,8) : 8
(5,7,6,1,2,3,8,9,4) : 1
(5,7,4,3) : 1
(8,3,7) : 2
(6,3,4,7,1) : 1
(7,9,8) : 1
(7,2,1,9,5) : 1
(6,8,3,2,1,9,7,4,5) : 1
(4,3,5) : 17
(5,3,1,4,2,8,9,7,6) : 1
(6,2,7,3) : 2
(5,4,2,3,9) : 1
(3,1,9,8,6,7,4,2,5) : 1
(6,9,1,3,5,7) : 1
(4,9,7) : 2
(6,8,4,7,2) : 1
(5,3,9,1,7,4,6) : 1
(4,2,5,9) : 1
(6,7,5,4,3) : 1
(3,9,1,2,8,7,6,5,4) : 1
(1,3,9,8) : 1
(6,5,2,8) : 1
(7,8,3,2) : 1
(7,4,6,5) : 1
(4,7,5,2,8,9,1,6,3) : 1
(9,7,4,1,2,5,6,8,3) : 1
(9,8,7) : 1
(6,3,7,9,5,4) : 1
(6,7,5,8,2) : 1
(7,4,3,5,6) : 1
(2,4,7) : 9
(1,9,3,5,2,6,7,8,4) : 1
(9,2,6) : 1
(5,3,7,9) : 1
(9,5,3,7,6) : 1
(6,3) : 93
(4,5,3,1) : 1
(5,7,1,3) : 1
(3,4,9,8,2,1,5,6,7) : 1
(9,7,5,3,6) : 1
(3,9,8,2,5) : 1
(5,3,6) : 10
(9,8,3,1) : 1
(7,8,5) : 4
(9,1,6,2) : 1
(3,8,4,2,5,6,7,9,1) : 1
(6,3,9,5) : 3
(3,5,4,9,7) : 1
(4,6,8) : 2
(5,7,3,9,1) : 1
(5,3,7,6,4,2,1,8,9) : 1
(4,3,7,5,2) : 1
(6,5,4,7,8,2,9,1,3) : 1
(7,1,6) : 1
(3,7,5,2) : 2
(5,9,4,7,8,2) : 1
(9,2,7) : 2
(6,7,3,1,2,4,5,8,9) : 1
(2,6,8,3) : 1
(2,8,6,4,5,7) : 1
(6,5,3,7,4) : 1
(9,7,3,1,6) : 1
(2,3,5,6,7,9,4,1,8) : 1
(3,7,6,5,4,1,8,9,2) : 1
(6,7,3,5,1) : 1
(1,7,6,5) : 1
(3,1,7,2,4,6,5,8) : 1
(9,3,2,8,1,7,4,5,6) : 1
(4,5,3) : 12
(6,1,3,5) : 1
(6,2,7,5,4) : 1
(3,9,6,5) : 1
(7,6,3,1,5) : 1
(7,1,9,2,6,3,5,4,8) : 1
(6,7,2,5,8,3,4,1,9) : 1
(9,8,3,1,4,2) : 1
(7,8,9,1,2,3,4,5,6) : 1
(3,9,2) : 3
(3,1,6,7,9) : 1
(7,6,5) : 17
(9,3,1,6,7) : 1
(8,9,3,2,6,7,5,4,1) : 1
(3,8,9,6,1,5,4,2,7) : 1
(3,2,9,8,4) : 1
(3,7,6,1,5,9) : 1
(5,6,3,2,8) : 1
(4,3,1,5,6,9,8,7,2) : 1
(7,3,5,1,9,6,2,8) : 1
(8,6,1,3) : 4
(3,6,1,8) : 2
(4,5,2,8,7) : 1
(8,9,6) : 4
(8,3,1,6,9) : 2
(8,9,6,1,3,7,4,5,2) : 1
(9,1,7,3,5,6) : 1
(4,5,7,3) : 1
(6,9,7,5) : 2
(3,5,6,8,2,4,7,9,1) : 1
(5,4,3,6) : 2
(3,8,7,2,1,4,5,9) : 1
(8,6,3,7) : 1
(4,2,6,7,8,9,5,1,3) : 1
(8,3,1,9,2,4,5,7,6) : 1
(7,5,3,6,2,8,4,1,9) : 1
(6,7,2,8,5,4,9) : 1
(5,2,7,6,3) : 1
(3,6,4) : 3
(6,2) : 17
(7,6,5,1,9,8,3,2,4) : 1
(6,7,8,3) : 2
(8,9) : 2
(3,6,8,9,1,2,5,4,7) : 1
(4,5,3,7,2,1,8,9,6) : 1
(7,2,4,5) : 2
(3,9,4) : 4
(6,9,2,4) : 1
(3,7,6,4,5,8,2,1,9) : 1
(9,3,8) : 5
(7,1,3,5,9,2,8,4) : 1
(3,7,4) : 5
(3,2,7,8,9,1,5) : 1
(3,4,2,5,7) : 2
(7,1,3,4,2,9,8,5,6) : 1
(7,2,5,6) : 2
(4,7,5,3) : 3
(3,6,1,5,4,2,7,9,8) : 1
(6,7,4,9,8,1,2,5,3) : 1
(6,5,2,4) : 1
(6,2,9) : 2
(9,1,3,7,2,5,4,6,8) : 1
(6,5,7,9,1,8,2) : 1
(1,6,3) : 3
(6,9,1,3,8,7,2,4,5) : 1
(1,9,3,7) : 3
(6,5,1) : 2
(3,2,1,4,5,7,8,9,6) : 1
(7,3,5,9,6) : 1
(3,1,6,8,9,7,5,4,2) : 1
(7,2,8,9) : 2
(7,8,5,6,3) : 1
(1,7,3,9) : 1
(3,5,2,8) : 2
(6,1,2,9) : 1
(6,3,4,5,2) : 1
(4,2,3,5,7) : 1
(6,8,3,1,9) : 2
(9,3,7,1) : 5
(6,7,4) : 6
(1,4,6,7,8,2,9,3) : 1
(9,1,7,6) : 4
(4,2,7,3,5) : 1
(6,7,9,5,2) : 1
(5,7,8,3) : 1
(6,7,5,9,1) : 1
(6,3,2) : 5
(7,5,4,3,2) : 1
(7,3,1,6,9,5) : 1
(9,1,3,6,7,2) : 1
(4,5,6,2,3) : 1
(7,8,9) : 1
(4,5,2,7,9,8,6,3,1) : 1
(6,4,7,5,1,9,8,2) : 1
(5,4,2,9,7) : 1
(3,8,6,4) : 1
(1,3,5,7,9) : 1
(3,9,5,7,1,2,4,6,8) : 1
(7,5,6,3,1,2,8,9) : 1
(6,1,3,9,7) : 1
(3,5,8,7,2,6,4,9) : 1
(3,5,8,9,7,2,1,4,6) : 1
(3,4,9,8) : 1
(1,9,5) : 1
(6,4,3,7,2,5,8,1,9) : 1
(3,5,6,9,2,4,7,8,1) : 1
(9,7,3,1,2,8) : 1
(6,3,1,5,7,9,8,2,4) : 1
(5,6,7,3,1,9) : 1
(5,7,2,1,6,9,8,4,3) : 1
(3,9,2,8) : 1
(7,8,2,3,6) : 1
(5,6,2) : 2
(5,6,4,3,7,2,8,9,1) : 1
(5,3,6,4) : 3
(6,2,7,8) : 1
(8,7,2,5) : 1
(3,7,1,9) : 4
(3,8,7,9) : 1
(1,3,5,7,9,6) : 1
(4,2,7,9,8,1,5,3,6) : 1
(6,4,7,9) : 1
(5,2,8,7,4,6,3,1,9) : 1
(7,1,9,6) : 2
(5,9,1,7,4) : 1
(3,5,7) : 36
(1,3,9,5) : 1
(3,9,7,2,1,8) : 1
(3,7,1,5,6) : 1
(4,2,6,5,3,1,8,9,7) : 1
(8,2,3) : 1
(3,8) : 36
(7,2,9,5) : 2
(4,6,5,3) : 1
(3,6,8) : 14
(3,2,6,8,7) : 1
(6,8,9,3) : 4
(3,1) : 15
(7,3,6,2,8,5,1,9,4) : 1
(3,9,8) : 3
(8,5,2,7) : 1
(4,7,6) : 4
(6,3,9,8,5,1,2,7,4) : 1
(9,5,6,4) : 1
(3,1,9,8,2,5,7,6,4) : 1
(6,5,7,4,2,3,8,9,1) : 1
(4,9,3) : 1
(6,8,4,2) : 1
(3,8,9,2,7) : 1
(3,5,6,7,1,9) : 1
(6,9,4,1,5) : 1
(9,3,1,7,5,2,8,4,6) : 1
(6,1,4,5,9,8,7,3,2) : 1
(2,5,4,7,8,3) : 1
(4,5,9,6,7,8,3,2,1) : 1
(3,2,9,4) : 1
(6,2,5,1) : 1
(3,4,7,5,6,2,8,1,9) : 2
(5,4,2,7) : 4
(1,3,5,8) : 1
(3,1,9,7,2,5,6,8,4) : 1
(7,1,9,3) : 1
(2,4,8) : 1
(4,5,7,2,6,8,1,9) : 1
(9,1,5) : 1
(8,5,6,3) : 1
(6,5,7,4,2,8,9,1,3) : 1
(6,3,7,5,4) : 3
(3,8,5) : 5
(3,1,9,6,7,2) : 1
(2,7,4,5,1,3,6,8,9) : 1
(6,1,7,5,9,2,4,8,3) : 1
(2,4,5,6,7) : 2
(3,7,5,8) : 1
(8,2) : 5
(6,3,9,7) : 2
(5,3,7,6,2,8) : 1
(2,9,3,5) : 1
(3,8,1,7) : 1
(7,3,4,5,8,2,6,1,9) : 1
(2,6,8,9,5,4,1,7,3) : 1
(6,7,1,9) : 1
(5,4,6,7) : 2
(9,5) : 3
(6,1,7,3) : 1
(6,7,9,8) : 1
(3,4,5,7,8,9,2,1) : 1
(6,5,1,9) : 1
(3,6,8,9,7,5,2,4,1) : 1
(6,9,7,1) : 1
(3,8,2) : 8
(4,7,9) : 1
(1,3) : 5
(2,5,6) : 4
(7,4,9) : 1
(7,5,9,6,1,2,8,4,3) : 1
(7,3,5,1) : 1
(6,7,2) : 7
(9,7,2,1,3,8) : 1
(5,7,1,9) : 3
(3,5,1) : 3
(3,2,9,7) : 3
(3,8,9,7) : 1
(6,9,1) : 6
(3,4,1) : 4
(2,9,1,7) : 1
(7,2,5) : 11
(4,5,2,7,8) : 1
(5,2,4) : 6
(5,2,7,3,4) : 1
(3,2,6,5,4,7,8,1,9) : 1
(3,5,7,1,8,9,2,4,6) : 2
(6,3,5,8,1,2,9,7,4) : 1
(5,6,3,7) : 2
(4,6,2,8) : 2
(6,5,4,7,8,9,3,2,1) : 1
(2,4,8,6,5,3,1,7,9) : 1
(3,1,6) : 7
(7,2,5,3,4,6,8,1,9) : 1
(6,4,5,7,3) : 1
(5,9,7) : 1
(6,8,2,5) : 2
(3,1,5,9) : 1
(4,8,5,3) : 1
(6,7,3,1,2) : 2
(7,1,6,8,5,3) : 1
(3,5,6,7) : 5
(5,7,4,2,3,6,8,1,9) : 1
(3,9,7,8,1,2) : 1
(3,7,9,6) : 1
(3,1,7,9,8,6,4,2,5) : 1
(9,6) : 6
(4,3,5,9,2,8,6,1,7) : 1
(7,1,5,3,6,2,8,9,4) : 1
(6,3,8,1,2,4,5,9,7) : 1
(5,3,1,6,4) : 1
(5,7,1,9,6,4,3,2,8) : 1
(1,7,5) : 3
(7,1,6,3) : 1
(2,6,3,8) : 1
(6,3,1,7,5,4,2,8,9) : 1
(7,5,4) : 14
(7,4,5,3,6,8,2,1,9) : 1
(1,9,7,2) : 1
(3,9,8,1,6,5,7,2,4) : 2
(3,9,2,1,7,8) : 1
(7,3,6,5,4,8,2,1,9) : 1
(7,5,6,8) : 1
(3,7,9,2,1,5,4,6,8) : 1
(5,6,4,3) : 1
(8,2,1,3,5,6) : 1
(1,7,3,5) : 1
(6,8,7,2,9,5,4,3,1) : 1
(3,5,2,4) : 1
(4,6,7,3,5) : 1
(4,3,7,5,6,1,2,9,8) : 1
(3,7,5,6,9,1) : 1
(3,5,4,9,7,1,2,8,6) : 1
(7,1) : 14
(3,9,7,2,8) : 2
(9,3,6,5,7) : 1
(2,4,5,7,1,6,8,9,3) : 1
(6,7,9,1,5) : 1
(3,5,6,4,7) : 1
(4,5,8,6) : 1
(6,5,7,1) : 1
(6,5,3,7) : 3
(8,7,9) : 1
(9,8,3) : 1
(5,3,9,6,1) : 1
(6,7,9,5,2,4,3,1,8) : 1
(2,9,5,7) : 3
(3,8,1,6) : 11
(4,5,7,6,8,2,1,9,3) : 1
(4,2,6) : 1
(6,5,1,2,7) : 1
(1,7,2,5) : 2
(3,5,7,1) : 2
(7,3,5,9,8,2) : 1
(3,5,2,8,1,9) : 1
(6,4,5,8,2) : 1
(3,5,1,9,2,7,8,4) : 1
(3,5,7,8,2,1,9,6,4) : 1
(9,1,6,8,2) : 1
(2,8,4,5,3,7) : 2
(7,2,4,1,8,3,5,9,6) : 1
(3,1,6,7,9,4,5,2,8) : 1
(6,4,7,5,2,3,1,8,9) : 1
(3,8,1,5,9,7,6,4,2) : 1
(6,9,5,1) : 1
(3,8,5,7) : 1
(6,8) : 47
(6,5,3,7,1,9,8,2,4) : 1
(9,7,6,8,5,4,3,2,1) : 1
(3,1,9,7,6) : 1
(4,2,5,6) : 1
(6,5,7,8,3,1) : 1
(3,4,5,7,8,2) : 1
(3,9,1,6) : 1
(1,3,7,9,5,6,8,2,4) : 1
(6,4,5,7,2,8,3,1,9) : 1
(6,8,3,1,5) : 1
(4,6,5,2) : 3
(9,3,6) : 5
(2,4,7,6,5,3,1,9,8) : 1
(3,5,7,2,6,9) : 1
(4,2,7) : 19
(6,3,9,1,8,2,7,4,5) : 1
(2,4,3,7) : 1
(9,2) : 4
(2,4,5,3) : 2
(6,9,2,1) : 1
(6,8,7,5) : 3
(5,3,7,6,9,2,8,1,4) : 1
(8,3,6,1,9,7,5) : 1
(9,5,3,7,2) : 1
(4,5,6,7,1,3,8,2,9) : 1
(1,8,6,3) : 1
(5,6,4) : 3
(2,4,5,3,7,6) : 1
(3,6,8,7,4,5,1,2,9) : 1
(7,3,5) : 18
(5,4,6,7,9) : 1
(6,3,5,2,8,7,1,9) : 1
(6,7,8,2,1,3,4,5,9) : 1
(1,3,9,7) : 1
(8,3,1,9) : 1
(7,4,2,5,9) : 1
(7,5,6,8,2,3,1,4,9) : 1
(7,5,4,2) : 5
(7,5,3,9,1,8) : 1
(6,3,1,5) : 1
(8,6,3,1,2,7,9,5,4) : 1
(6) : 1112
(5,3,4,6,7,2) : 1
(6,4,2,5,7,8) : 1
(5,3,6,1) : 1
(5,3,7,2,6,4,1,8,9) : 1
(6,5,7,3) : 1
(3,7,2,8) : 3
(2,4,5,7) : 12
(6,5,7,3,4) : 1
(2,6,8) : 1
(7,5,3,2) : 1
(6,4,2) : 3
(2,4,7,5) : 6
(6,5,9,1,7,4,3,2,8) : 1
(6,7,1,3,2,8,9,5) : 1
(6,9,3,1,5,2,8,7,4) : 1
(6,4,3,1,9,2,7,5,8) : 1
(9,3,7,5) : 2
(3,7,5,4) : 4
(1,5,3,2,4,7,6,8,9) : 1
(3,1,6,5) : 1
(7,4,3) : 2
(4,2,5,3,7,6,8,9,1) : 1
(7,4,5,3) : 4
(5,3,4,9,2,1,7,6,8) : 1
(3,8,7,2,1,5) : 1
(6,1,9,7,5) : 1
(1,9,7,6,5) : 1
(3,8,6,2) : 1
(8,3,6,1,2,4,5,7,9) : 2
(4,2,8,5) : 2
(3,7,5,1,9) : 1
(3,7,2,5,8,1,9,4,6) : 1
(3,1,4,5,7,8,9,2) : 1
(3,6,8,1,7,2,4,5,9) : 1
(3,6,8,1,9,7,4,5,2) : 1
(5,6,8,9,4) : 1
(6,5,3,4,2,8,7,1,9) : 1
(9,7,1,5) : 1
(3,1,9,7) : 4
(3,6,5,1,7) : 1
(5,6,7,9,1,2,8,4,3) : 1
(3,9,1,2) : 2
(6,3,7,5,8,1,9,2,4) : 1
(6,5,8,3) : 1
(9,1,8) : 1
(6,7,2,5) : 2
(1,3,6) : 3
(8,1,6,3,7) : 1
(2,6,3,7,9,8,5,4,1) : 1
(1,3,5,7,2,8,4,6,9) : 1
(7,9,3,6,1,5) : 1
(9,4,8,5) : 1
(3,1,9,8,2,5,4,7,6) : 2
(9,1,7,3,5,8,6,4,2) : 1
(7,4,5,6,8,9,2,1) : 1
(5,9,6,7) : 1
(7,1,3,5,4,6,9,8,2) : 1
(5,6,3) : 7
(6,5,4,3) : 3
(3,9,6,1) : 2
(7,5,3,2,9,8,4) : 1
(7,4,2) : 6
(8,7,5,3,1,9,2) : 2
(7,1,9,2,3,8,5,4,6) : 1
(6,5,3,1) : 1
(2,7) : 15
(8,3,6) : 27
(3,5,7,4,6,1,2,9,8) : 1
(6,5,4,2,7) : 1
(3,7,6,5,2,8,9,1,4) : 1
(6,3,8,1,9) : 1
(6,4,3,8,5,2) : 1
(8,2,6,1,3) : 1
(8,9,2) : 1
(4,6,5,7,2,8,9,1,3) : 1
(3,1,6,7,9,8,5,2,4) : 1
(6,7,1,2,3) : 1
(5,2,7,4,8) : 1
(5,6,9) : 8
(7,3,5,6,1) : 1
(3,9,8,5) : 1
(7,9,8,3,2,1) : 1
(3,7,9,5) : 1
(5,7,4,6,2,8,3,1,9) : 1
(7,9,1,5,6) : 1
(3,6,5,4) : 2
(2,7,5,4) : 6
(3,5,6,9) : 1
(8,5,3,1,9,7,2,4,6) : 1
(4,7,6,5) : 1
(3,5,2,1,7,4,8,6,9) : 1
(6,5,2,7,8,4,3,1,9) : 1
(2,3,4,6) : 2
(3,4,6,5) : 1
(5,8,2) : 2
(9,1,8,2,6,7) : 1
(7,1,9,6,5) : 1
(6,3,7,9,1,8,5,2,4) : 1
(2,3,4) : 1
(9,5,6) : 1
(5,7,2,3,6) : 1
(7,6,3,4) : 1
(7,5,6,9,4,2,8,1,3) : 1
(3,4,2,7) : 1
(7,2,3,6) : 1
(2,3,7,6,5,4) : 1
(3,7,4,9) : 1
(7,5,6) : 36
(9,3,1,7,8,2) : 1
(6,8,9,7,4,5,2,3,1) : 1
(7,5,6,4,3,8,2,1,9) : 1
(6,3,1,5,4,9,7,8,2) : 1
(4,5,2,1,3,6,7,8,9) : 1
(7,8) : 2
(4,6,2) : 2
(5,7,1,6) : 3
(5,2) : 18
(2,4,5,7,6) : 2
(5,9,8,6) : 1
(6,7,9) : 10
(6,3,1,9,8,7) : 1
(8,1,5) : 1
(4,8,3,2,7) : 1
(7,6,8,5) : 1
(6,9,8,7,2) : 1
(3,7,2,4) : 1
(9,1,8,7,3,5,2,6,4) : 1
(3,4,5) : 16
(3,5,6,1,2,7,8,9,4) : 1
(8,6,9,3) : 3
(4,2,8,3,5) : 1
(9,7,3,5) : 1
(7,1,3,9,6,8,2,5,4) : 1
(9,8,7,2,5) : 1
(4,5,6,3,2,7,1,8,9) : 1
(9,3,2,1,7,8,6,5,4) : 1
(3,4,6) : 12
(4,6,3,5) : 4
(3,5,1,9) : 2
(9,3,4,1,6,7,5,8,2) : 1
(4,8,2,5) : 1
(2,7,8,6,5,3,4,1,9) : 1
(5,7,9,1) : 1
(3,1,2,5,8) : 1
(3,7,5,2,4) : 1
(8,6,9,1,2,4,7,5,3) : 1
(8,3,6,1,9) : 1
(6,2,8,7,9,5,4,3,1) : 1
(3,7,9,1,2) : 1
(1,3,9,7,5) : 1
(6,5,1,7) : 1
(9,1,3,8,2,5) : 1
(3,6,9,8,7,5,4,2,1) : 1
(6,5,4,7) : 3
(6,3,5,2,7,8,4,1,9) : 1
(9,3,8,7,2,1,6,5,4) : 1
(6,9,3,2) : 1
(9,7,8,1,2,3,5,6,4) : 1
(3,6,8,1,2,7,4,9) : 1
(3,9,7) : 16
(3,5,6,4,7,9,1,2,8) : 1
(6,3,8,9,1,2,4,5,7) : 1
(7,2,9,6) : 1
(7,5,3,1,6,9) : 1
(3,6,5,9,4,8,1,2,7) : 1
(4,3,2,5,1) : 1
(3,5,7,2,4) : 1
(3,6,1,8,9,7,4,5,2) : 1
(9,7,6,5) : 1
(6,8,4,5,7,9,2) : 1
(4,5,3,8,2,7) : 1
(6,5,9,7,8,3) : 1
(6,9,1,8,7,5,2,3,4) : 1
(8,6,1,9,5,2,7,4,3) : 2
(3,8,1,9,7,6,5,2) : 1
(7,5,3,6,4) : 1
(5,7,8,2,1) : 1
(9,3,4) : 1
(3,7,6,4) : 1
(9,4) : 1
(5,3,4,6) : 2
(3,2,7,5) : 2
(3,9,5,6,2,1,7,8,4) : 1
(4,3,2) : 8
(8,9,7,6,4,5,3,2,1) : 1
(8,1,4,2) : 1
(4,6,7,5) : 3
(3,5,7,9,2,6,1,8,4) : 1
(3,2,6,4,7,8,1,9) : 1
(5,3,7,6,8,2,1,9,4) : 1
(3,9,6,8) : 4
(5,9,4,1,6,7,2,8,3) : 1
(3,4,5,7,2,6,8,9) : 1
(3,9,1,5,7,6,8,2,4) : 1
(3,2,1,4,6,5,7,8,9) : 1
(2,9,4,5,6,1,7,8,3) : 1
(3,1,8,9,7) : 1
(7,3,5,6,4) : 1
(7,2) : 16
(6,8,2,4) : 1
(3,9,7,1) : 3
(8,4) : 1
(7,9,6,5,4,8,1) : 1
(5,2,8,7) : 1
(6,3,9,1,5) : 1
(6,5,4,3,1,2,7,8,9) : 1
(4,3,8,5,2) : 1
(1,3,7,9,2,5,4,8,6) : 1
(8,6,1,3,2,4,5,7,9) : 1
(3,5,2,7) : 3
(6,7,2,4) : 1
(5,3,4,7,6,8,2,9,1) : 1
(3,2,9,6) : 1
(7,9,6,1) : 1
(3,2,5) : 6
(9,7,5,1) : 1
(5,7,4,6) : 1
(4,3,2,5) : 1
(7,4,9,2) : 1
(9,7,1,3) : 2
(3,2,7,6,5,4,8) : 1
(6,5,3,1,8,2,7,9,4) : 1
(6,3,7,1,8) : 1
(3,5,4,7,2,8) : 1
(9,1,3,5,6,7,2,8,4) : 1
(6,5,4) : 24
(6,7,2,9) : 1
(8,9,5,7,3,2,1,4,6) : 1
(6,3,5,7,8,1,2,4,9) : 1
(5,6,8,3,4,7,9,1) : 1
(4,5,7,6) : 3
(4,2,8,1,5) : 1
(4,3,7,9) : 1
(6,5,7,2) : 1
(9,3,6,5,1,7) : 1
(7,5,3) : 19
(7,3,9,1) : 1
(3,2,6,9) : 1
(6,8,3,1,9,2,7,4,5) : 1
(4,5,6) : 16
(6,5,8,7) : 1
(6,8,4,3,1,2,5,7,9) : 1
(3,8,6,5,2,1,7,9) : 1
(7,5,6,2,1,4) : 1
(6,8,1,3,9,7,4,2,5) : 1
(6,8,9,1,3,2,7,5,4) : 1
(3,8,2,5) : 1
(9,4,3,6) : 1
(8,9,2,6,3) : 1
(8,3,1,4,9,6,7,5,2) : 1
(8,3,1) : 14
(6,5,7,9,1) : 1
(6,3,9,7,8) : 1
(5,7,2,6) : 1
(3,9,7,1,2,8,6,5,4) : 1
(6,3,7,1,2,5,8,9,4) : 1
(6,5,2,8,9) : 1
(3,9,2,7,6,5,8,1,4) : 1
(1,2,7) : 1
(7,2,8,9,1,3,5,6,4) : 1
(6,3,8,9,1,7,4,5,2) : 1
(3,6,7,9,8,5,2,4) : 1
(7,3,4) : 3
(9,1,7,5,3) : 1
(3,7,2,5,9) : 1
(2,3,6,7,8,9,5,1,4) : 1
(7,6,3,5,2,8,4,1,9) : 1
(3,7,9,5,2) : 1
(5,2,3) : 2
(1,6,5,9) : 1
(4,3) : 25
(3,1,8,9,2) : 1
(7,2,9,8,1,5,3,6,4) : 1
(8,6,3,9,1,2,4,5,7) : 1
(2,5,7,8,6,4,9,1,3) : 1
(2,4,5,6,7,8,3,9) : 1
(4,6,3,9,5,8) : 1
(6,8,1,2,3,5,9,7,4) : 1
(9,2,1,5,7,8,3,4,6) : 1
(3,7,6) : 4
(6,9,8,5) : 1
(7,2,5,8,1,6,3,9,4) : 1
(9,1,3,7,5,8,4,2,6) : 1
(5,6,9,4) : 2
(7,6,3,9,8,5,1,4,2) : 1
(7,6,9,3) : 1
(3,5,9,1) : 1
(3,6,7,4,9,5,8,2,1) : 1
(6,7,3,9,1,5) : 1
(3,7,8,5) : 1
(4,5,8,2) : 2
(5,6,2,8,7) : 1
(9,3,5,4) : 1
(6,1,4,5) : 1
(3,6,7,2) : 1
(3,2,1,7,8,9,5,6,4) : 1
(5,6,7,3,2,8,1) : 1
(5,4,7) : 21
(3,6,7,2,5,4,1,8,9) : 1
(3,1,7,8,6) : 1
(8,3,1,9,5,4,2,7,6) : 1
(3,7,5,6,1,4,2,9,8) : 1
(3,1,9,5,7) : 2
(7,3,1,5) : 3
(7,3,9) : 12
(7,5,1,2) : 1
(7,5,1,3) : 1
(6,4,7) : 4
(2,4,9) : 1
(2,4,5,9) : 1
(6,8,9,7,3,1,2,5,4) : 1
(6,7,5,9,1,2,3,8,4) : 1
(3,6,5,7) : 1
(1,9,5,6) : 1
(5,4,2,7,9,1,3,6,8) : 1
(6,8,3,9) : 1
(6,1,5,8,2,7,9,4,3) : 1
(1,7,9,8,3,6) : 1
(9,7) : 19
(6,7,8,5) : 2
(8,7,5,2,4,1,6,9,3) : 1
(3,8,9,7,5,4,2,1,6) : 1
(3,9,5,2) : 1
(6,9,1,5) : 3
(9,4,5) : 1
(4,2,7,5,9) : 1
(6,4,7,2,1,9,8,5) : 2
(5,2,4,7,8,6,3) : 1
(4,7,5,2,8,6,9,3,1) : 1
(6,7) : 86
(3,6,1,2,4,7,5,8,9) : 3
(8,7,3,1,2,5) : 1
(3,5,6,8) : 1
(3,7,6,9) : 2
(6,9,3,2,4,5,7,8,1) : 1
(3,9,7,5,1,4,8) : 1
(8,2,7) : 1
(7,5,2,3,4,1,9,8,6) : 1
(3,5,6,4,2,8,1,9) : 1
(6,5,1,7,9,8,2,3,4) : 2
(7,8,2,3,5,4,9,1,6) : 1
(7,6,5,8) : 1
(3,9,5,1,7,8,2,6,4) : 1
(6,4,7,5,3,1,9,8,2) : 1
(4,7,5,2,6) : 1
(4,3,5,6) : 2
(2,7,6,5,3,4) : 1
(6,7,5,1,8,3,2,9,4) : 1
(3,7,6,5,4,9,1,2,8) : 1
(7,2,4,6,5) : 1
(2,5,7,8) : 1
(6,4,8) : 1
(4,2,5,3,7,8,9,6,1) : 1
(5,4) : 25
(7,5,6,2,3) : 1
(7,9,1,6,8,5,3) : 1
(9,6,1,5) : 1
(2,9,5,6) : 1
(6,3,1,4) : 1
(6,9,8) : 2
(9,5,6,3,2,7,8,1) : 1
(3,4,9) : 2
(5,7,9,8) : 1
(7,5,2,9) : 1
(5,4,2,9) : 1
(6,9,1,3) : 2
(2,9) : 4
(4,3,6,7) : 4
(6,3,7,1) : 1
(3,6,1,2,5,7) : 1
(3,9,1,2,4,7,5,8,6) : 1
(4,8,5,3,6,7,2,1,9) : 1
(4,3,2,7) : 2
(5,2,7,4,6,8) : 1
(6,4,5,7) : 11
(4,3,2,9,8) : 1
(3,8,2,5,7,4,6,9,1) : 1
(8,6,3,4,7) : 1
(6,3,9,1) : 1
(5,7,2) : 23
(6,3,8) : 33
(3,1,4) : 3
(7,5,2,4) : 1
(9,5,2,4,1,3,6,7,8) : 1
(3,9,2,8,7,5,1,6,4) : 1
(4,6,8,5,7,2,1,9,3) : 1
(3,7,5,1,2,4,8,9,6) : 1
(3,1,9,6,5,7,2,8,4) : 1
(1,9,3,5,7,6,8,2,4) : 1
(9,1,6) : 2
(9,7,3,1,2) : 1
(6,3,9,8,1) : 1
(6,4,5,3) : 1
(7,3,2,4) : 1
(7,1,4) : 1
(8,3,1,7,9) : 2
(3,9,8,4,5,6) : 1
(7,9,1,5,6,3) : 1
(1,7,9,8,2) : 1
(4,8,9) : 1
(5,2,8) : 1
(3,5,2) : 5
(3,5,8,1,7,9,6,4,2) : 1
(5,3,7,6) : 3
(6,1,9,7,5,3,4,8,2) : 1
(3,5,1,7,9,6) : 1
(7,6,5,3,2,8,4,1,9) : 1
(1,7) : 5
(3,1,4,8) : 1
(3,1,2,7,8,4,9,5,6) : 1
(3,1,8) : 2
(3,8,1) : 9
(3,1,2,4,5,7,8,6,9) : 1
(7,5,8,2,3) : 1
(6,3,4,8) : 1
(3,8,5,1) : 1
(4,5,2,8,7,9,6,3,1) : 1
(7,5,6,2,1) : 1
(7,5,3,2,8,4) : 1
(6,5,7,4,2,8,1,9,3) : 1
(4,2,5,7) : 14
(3,6,8,1) : 5
(5,6,3,4) : 3
(5,7,1,2,9) : 1
(6,3,1,2,7,5,4,9,8) : 1
(6,9,2,1,5,8,3,7,4) : 1
(9,6,8,2,1,3,4,5,7) : 1
(2,5,4,3,7,6,8,9) : 1
(2,3,7,8,5) : 1
(2,7,5) : 6
(3,7,9,1,2,8,5,4,6) : 1
(2,6,3,1,5,7,8,4,9) : 1
(3,4,7,5) : 2
(6,8,3,1,9,7,5,4,2) : 1
(3,7,5,1) : 1
(3,1,7,9) : 7
(3,2,8) : 3
(8,1,6) : 2
(9,5,7,4,3,8,6,2,1) : 1
(6,1,3,4,5,7,8,9,2) : 1
(4,3,5,6,2,8,7,1,9) : 1
(6,5,4,2,1,9,8,7,3) : 1
(8,2,7,3,5,6,1,9,4) : 1
(8,6,3,1,2) : 1
(6,5,7,4) : 3
(2,7,3) : 3
(6,3,1,8,9) : 1
(5,7,4,6,2,9,8,3,1) : 1
(8,5,6) : 1
(3,7,5,6) : 6
(5,6,4,7,9,2,1,3,8) : 1
(9,1,3,7,6,8,2,5,4) : 1
(5,7,6,4) : 1
(3,6,7) : 22
(6,5,3,1,2,7,8,9) : 1
(3,9,5,6,7) : 1
(2,4,6,5) : 2
(4,6,3,5,2,7,8,9,1) : 1
(5,3) : 15
(3,5,7,4,2) : 1
(2,6,9) : 1
(6,2,8) : 1
(2,3,5,7,8) : 1
(1,9,3,6,7) : 1
(7,4,5,2,3,6) : 1
(4,5,7) : 41
(5,7,6,4,3,1,9) : 1
(2,8,5,3,4) : 1
(1,3,7,9) : 1
(4,3,1,5,2) : 1
(2,4,5,7,3,6,8,1,9) : 1
(7,5,8,2) : 3
(4,5,7,6,9) : 1
(3,6,5,9,7,8,2,1,4) : 1
(9,3,5,2) : 2
(4,5,7,2) : 11
(3,7,5,9,1,8) : 1
(5,4,3,6,7,8,2,1,9) : 1
(9,3,5,7,6,4,8,2,1) : 1
(6,3,1,7,9,8,2,5,4) : 1
(3,4,9,6) : 1
(4,6,8,3) : 1
(4,5,2,1,6,7,8,3,9) : 1
(2,7,6,3) : 1
(6,5,7,8,2) : 1
(3,5,6,7,1,9,8,2,4) : 1
(5,3,1,8) : 1
(3,4,9,8,7,1,2,5,6) : 1
(2,3,6,8) : 1
(4,5,7,8,6) : 1
(2,8,5,4) : 1
(2,9,3) : 1
(6,5,4,7,2,8,9,1,3) : 1
(4,5,3,2,8,7,6,9) : 1
(3,1,8,9) : 1
(6,7,5,8) : 2
(5,6,1,9) : 1
(6,3,1,2,4,8,7,9,5) : 1
(6,9,3,8) : 1
(3,6,1) : 14
(3,1,6,5,9,8,2,7,4) : 1
(2,5,4,6) : 1
(6,1,3,2,4,9,5,7,8) : 1
(9,1,7,2) : 1
(6,8,1,2) : 1
(7,2,8,6,5,1,9,4,3) : 1
(5,7,9) : 6
(6,4,5,8) : 1
(2,7,3,5,1,8,6,4,9) : 1
(4,2,7,6,5,8,3,9,1) : 1
(3,6,2,9,7,8,4,5,1) : 1
(5,4,2,6,8,7) : 1
(4,2,5,7,6,8,1,9,3) : 1
(3,6,8,9,7,5,4,2,1) : 1
(3,5,9,7) : 2
(9,6,3,4,7) : 1
(1) : 38
(3,1,6,8,9,7,4,2,5) : 1
(9,7,5,4) : 3
(8,6,9,1,3,2,5,4,7) : 1
(5,7,9,3) : 1
(3,6,1,8,9,5,2,4) : 1
(5,3,9) : 4
(2,4,3) : 3
(7,1,3,6,5,9) : 1
(7,6,5,3) : 8
(2,9,6,7) : 1
(8,3,7,4,5,6,2,1,9) : 1
(3,1,6,7) : 1
(8,5,3) : 2
(4,7,5,2) : 7
(9,7,3,1) : 1
(8,6,4) : 4
(4,2,5,8,7,6,3,1,9) : 1
(7,2,6) : 6
(9,3,7,6) : 1
(4,8,2,9) : 1
(9,7,1,5,8,2,3,6,4) : 1
(2,5,7,4) : 5
(6,9,8,3) : 2
(3,8,9,1,7) : 1
(7,2,8) : 4
(4) : 499
(3,5,7,2,4,1,8,9,6) : 1
(7,3,5,2) : 1
(3,9,1,6,5,7,2,8,4) : 1
(3,1,9,6,7,2,5,8,4) : 1
(3,4,5,9,1,2,7,8,6) : 1
(6,5,8) : 1
(7,3,5,1,2,4,6,8,9) : 1
(6,8,1,3,4,2,7,5,9) : 1
(5,6,7,2) : 1
(3,8,7) : 5
(9,1,3,5,7) : 1
(6,2,5) : 4
(8,3,1,5,4,7) : 1
(3,8,6,1,2,9,7,4,5) : 1
(7,4,1,2,5,9) : 1
(5,3,6,1,9,7,4,2,8) : 1
(6,7,4,3) : 1
(8) : 190
(5,6,3,2,8,1,9,7,4) : 1
(7,5,3,1) : 1
(2,9,7,8) : 1
(7,3,9,1,5) : 1
(5,3,7,4,6) : 1
(4,5,2) : 31
(1,2) : 2
(7,3,6,5) : 2
(7,5,3,6,9) : 1
(8,6,3,1,9) : 1
(9,8,7,2) : 1
(4,2,7,9) : 1
(7,6,3,5) : 5
(5,1,3,4,2,6,7,8,9) : 1
(3,6,9,7) : 2
(6,5,2,7) : 4
(3,5,7,6) : 4
(6,5,9,7) : 3
(3,7,9,8,2,1,5,6,4) : 1
(4,5,3,7) : 2
(3,1,6,7,8,5,4,2,9) : 1
(3,8,9,6) : 2
(7,5,8,2,3,4,1,6,9) : 1
(3,5,6,9,4,7,8,2,1) : 1
(6,7,3,8) : 1
(5,7,8,2,3,4,6) : 1
(9,6,2,7) : 1
(3,9) : 46
(3,7,5) : 33
(5,7,1,3,6,4) : 1
(6,4,1,3,5,7,8,9,2) : 1
(9,8,2,1,7,3) : 1
(4,6,7,2,5,8,1,9,3) : 1
(7,8,2,5) : 2
(8,5,2,4,7,3,1,9,6) : 1
(7,1,9,8) : 1
(5,7,6,3) : 1
(7,4,5,6) : 1
(7,9,3,1,5) : 1
(3,4,5,7,2,8) : 1
(6,5,7,2,8,1,3,4,9) : 1
(4,6,5) : 19
(3,1,9,7,5) : 1
(3,8,9,1) : 6
(7,9,1,6,3) : 1
(7,9,1,3,5,8,6,2,4) : 1
(4,7,5,6) : 5
(7,4,2,5) : 2
(2,7,4,5,6,3,8,1,9) : 1
(6,7,4,5) : 5
(6,4,7,5,8,2,9,3,1) : 1
(6,3,9,8,1,2,4,5,7) : 1
(7,9,3,1) : 1
(3,5,9,1,2,4,8,7,6) : 1
(5,9,6,3) : 1
(6,9,5,3,4) : 1
(4,3,5,7,2) : 1
(1,7,9,3,2,5,6,8,4) : 1
(6,8,2,7,1) : 1
(7,5,4,8,6) : 1
(7,5,4,6,3,1) : 1
(8,5,2) : 1
(1,9,2,8) : 1
(6,2,7,5,3,4) : 1
(8,3,6,1,9,5) : 1
(4,7,3,2) : 1
(9,3,5) : 1
(8,6,3,1) : 16
(6,4,5) : 28
(6,2,5,8,7) : 1
(3,1,5,6) : 2
(3,1,2,5,4,7,8,6,9) : 1
(6,3,1) : 11
(7,5,6,2,1,3,4,8,9) : 1
(7,4,5,6,3,2,8,1,9) : 1
(6,3,9,5,2) : 1
(4,3,5,8,6,2,7,9,1) : 1
(3,5,6,2,7,8,9,1,4) : 1
(7,6,9,5,2) : 1
(9,1,6,7) : 1
(3,4,7,8) : 1
(4,5,2,6) : 2
(1,9,3) : 2
(6,8,3,1,9,2,7,5,4) : 1
(3,9,7,1,2,8,5) : 1
(6,3,1,7) : 2
(5,4,6,2) : 2
(9,5,3,7,1,2,8,4,6) : 1
(5,3,9,4,2,7,8,1,6) : 1
(2,5,7,9) : 2
(2,4,7,8) : 1
(6,4,5,8,7) : 1
(6,1,3,4,2,5,7,8,9) : 1
(4,5,2,8) : 4
(2,4,7,6,5,3) : 1
(6,9,7,3) : 1
(2,5,7,3,8) : 1
(3,1,2,6,7) : 1
(5,3,7,4) : 1
(6,9,4,5,8,3,7,2,1) : 1
(5,7,6,9) : 2
(8,2,3,9) : 1
(4,9,5) : 1
(6,5,9,1,7,2,8,4,3) : 1
(3,8,6,5) : 2
(2,3,6,7,1,9,8,5,4) : 1
(5,8) : 1
(8,6,3) : 26
(1,8,6) : 1
(7,6,4) : 2
(3,5,7,6,4,2,1,8,9) : 1
(6,7,9,3) : 2
(2,4,6,7) : 1
(9,2,1) : 1
(2,7,8,9) : 1
(5,2,7,9) : 1
(6,7,3,2) : 2
(9) : 73
(6,8,9,1) : 2
(5,4,9) : 1
(6,3,8,5) : 4
(2,3,9) : 3
(7,9,5,3) : 1
(2,5,4,8,6) : 1
(4,8,6) : 1
(2,4,6,8) : 1
(4,5,6,7,8,2,1,9) : 1
(7,2,9,1) : 2
(8,6,1) : 4
(6,5,8,4,3,1,9,7,2) : 1
(2,5,7,8,9) : 1
(3,8,9) : 11
(5,9,3) : 6
(9,6,3,1,7) : 1
(6,8,3,1) : 4
(6,9,4,3,5,1,2,7,8) : 1
(3,6,7,5,4,2,8,1,9) : 1
(3,9,1,5) : 2
(4,2,9,5,1) : 1
(6,9,1,3,2,4,5,7,8) : 1
(3,8,2,7,9,1,5,4,6) : 1
(4,5,2,7,3,8) : 1
(7,3,2,9) : 1
(5,7,6,2,8) : 1
(8,9,3,1) : 3
(9,3,5,7,6,4,2,8,1) : 1
(6,4,2,7) : 1
(7,9,2) : 3
(5,6,3,1,9) : 1
(6,3,7,5,1,9,2,8) : 1
(2,5,7) : 12
(3,4,1,2,6,7,9) : 1
(6,4,9,7) : 1
(4,8,6,2) : 2
(7,9,3,5,6,1,8,4,2) : 1
(6,7,1,3,5) : 1
(7,4,3,5) : 3
(1,2,3,4) : 2
(5,6) : 42
(8,3,1,7) : 2
(4,2,5,6,7,8,3,1,9) : 1
(2,9,6,3,1,8,5) : 1
(3,6,9,8,7,1,5,2,4) : 1
(3,4,6,1) : 1
(6,2,5,7) : 1
(3,5,7,2,6,4,8,1,9) : 1
(3,6,1,5) : 2
(1,8,9,7,2,4,3,5,6) : 1
(3,2,9,7,5,4,8,1,6) : 1
(4,2,7,8) : 1
(7,5,9) : 3
(5,6,4,3,7,9,1,2,8) : 1
(7,5,2,8,9) : 1
(6,3,1,9,7,5,2,8,4) : 1
(7,3,1,2,5,9,8,4,6) : 1
(2,6) : 4
(9,7,6,1) : 1
(2,5,6,9) : 1
(1,3,6,7,9,8,5,2,4) : 1
(7) : 188
(6,9,3,1) : 2
(3,2,6) : 2
(9,1,3) : 4
(7,5,6,1) : 4
(3,9,5,8,6,2,1,4,7) : 1
(2,6,3,7,4,5,8,9,1) : 1
(3,5,6,7,2,9,4) : 1
(8,9,7,6,5,4,3,2,1) : 1
(4,7,3,6,5,2,8,1,9) : 1
(4,5,3,6) : 2
(6,3,1,7,8,9,2,5,4) : 1
(7,1,9,8,2) : 1
(8,3,4,5) : 1
(9,6,7) : 1
(6,9,5,1,3,2,7,4,8) : 1
(8,6,3,4,5,2,1,9,7) : 1
(6,8,1,3,4,5,2,7,9) : 1
(7,1,9,5) : 1
(2,7,5,3) : 1
(6,3,1,7,9,2,4,5,8) : 1
(7,6,1) : 3
(6,9,8,3,1,5,7,2,4) : 1
(6,3,1,2,4,5,7,8,9) : 2
(6,9,1,5,3,7,2,8,4) : 1
(3,1,9,4,2,7,8,5,6) : 1
(6,3,7,8) : 1
(1,9,8,7,6,5,3,2,4) : 1
(3,5,9,4,7,8,2,1,6) : 1
(7,1,9,5,3) : 1
(3,6,7,1,2,9,5,4,8) : 1
(7,3,5,6,8) : 1
(6,1,7,9) : 2
(7,5,1,6) : 1
(7,8,6) : 1
(7,3,1) : 9
(4,7,5,2,6,8,9,3,1) : 1
(8,9,6,3) : 1
(7,1,2,6,5,3,4,8,9) : 1
(9,6,7,5) : 2
(3,6) : 73
(2,5,4) : 8
(3,5,4,7,2) : 1
(7,3,5,6) : 5
(5,6,3,7,9,1,2,8,4) : 1
(6,3,8,1,9,7,5,4,2) : 1
(6,4,3,5) : 1
(6,1,9) : 3
(3,5,1,9,8,7) : 1
(7,1,5) : 4
(4,5,6,2) : 4
(3,2,4,5,7,8,1,6,9) : 1
(1,4,8) : 1
(5,7,2,8,6) : 1
(3,6,4,5,9,7,1,2,8) : 1
(5,4,6,8) : 2
(8,4,6,7) : 1
(6,9,5,3,7) : 1
(4,2) : 108
(7,5,2,3) : 1
(5,7,8,2) : 2
(3,1,5,8) : 1
(3,9,1,8,2,7,5,4,6) : 2
(3,2,4,9) : 1
(7,6,5,4) : 2
(7,1,9,3,5) : 1
(3,5,4,6,7,2,8,1,9) : 1
(1,6,7,5) : 1
(5,2,7) : 8
(3,8,7,2,1,9,5,6,4) : 1
(5,7,9,8,2,3,1,4,6) : 1
(3,5,4,6) : 1
(7,4,1,5) : 1
(7,1,9,5,4,2,8,3,6) : 1
(6,1,8,5) : 1
(7,5,1) : 10
(5,6,2,1) : 1
(5,7,2,3,4,8,9,6,1) : 1
(6,1,7) : 4
(7,1,8,9) : 1
(3,9,1,7,6,5) : 1
(6,7,9,2,4,3,1,5,8) : 1
(3,9,7,5) : 3
(6,3,8,9,2,4,1,5,7) : 1
(9,3,7,8,2,1,5,6,4) : 1
(5,3,6,7) : 5
(3,4,1,9) : 1
(8,6,3,1,2,4,5,9,7) : 1
(7,3,6) : 12
(7,2,3,1,5) : 1
(5,4,7,8,9,6,3,2,1) : 1
(1,5,4) : 1
(8,7,9,1,5) : 1
(7,6,5,4,3,1,9,8,2) : 1
(1,6,9) : 1
(9,6,5) : 2
(6,9,5,3) : 1
(3,7,9) : 27
(2,9,3,6,5,1,8,7,4) : 1
(9,5,8) : 1
(3,5,8,2) : 1
(2,4,6,9,1,3,8,7,5) : 1
(5,8,3,1,6,9,7,2) : 1
(8,3,7,1) : 1
(4,2,3) : 4
(6,8,1,3,2,9,7) : 1
(9,4,7) : 1
(3,2,5,8,9,7) : 1
(4,8,2,7) : 1
(4,2,8,5,7,3,6,1,9) : 1
(6,8,1) : 9
(6,3,8,1) : 12
(7,9,6,5,8) : 1
(3,5,7,4,6) : 2
(5,3,7,9,4,6) : 1
(3,7,9,1,2,8,5,6,4) : 1
(3,9,8,6,1,2,7,5,4) : 1
(3,4,5,7,6,2,8,1,9) : 1
(6,9,7,5,2,3,4,8) : 2
(7,3,2,9,5,8,6,1,4) : 1
(7,9,2,1,3,5,6,4,8) : 1
(6,7,5,2,8,4,3,1,9) : 1
(4,7) : 52
(1,7,3,9,8) : 1
(9,6,1) : 3
(7,3,8) : 3
(7,2,8,6) : 1
(4,6,3) : 6
(7,8,5,6,2) : 1
(6,5,7,4,8,2,3,1,9) : 1
(3,5,4,2) : 2
(6,8,3) : 42
(5,6,8) : 3
(9,3,1,7) : 1
(7,2,5,9) : 1
(6,3,8,1,4,5,2,7,9) : 1
(9,5,3) : 1
(4,3,2,8) : 1
(7,5,3,8,2,6,9,4,1) : 1
(7,5,8,9) : 1
(8,6,3,4,5,7,2,1,9) : 1
(3,2,5,8,9) : 1
(2,1,3,4,6,5,7,9,8) : 1
(5,8,3) : 1
(3,7) : 84
(9,1,3,7,8,5,2,6,4) : 1
(4,2,3,5,8,6) : 1
(1,6,5,7) : 1
(5,4,6,3) : 1
(6,2,7) : 4
(4,7,5,6,2,8,1,9,3) : 1
(6,8,2) : 8
(6,5,9,1,3) : 1
(3,6,1,8,9,5,4,2,7) : 1
(6,5,3,7,9,1,8,2,4) : 1
(7,3,9,1,5,6) : 1
(8,3,7,4,2,9,5) : 1
(3,1,8,9,2,4,5,7,6) : 1
(8,6,9) : 2
(5,6,4,3,2,8,7,1,9) : 1
(7,4,5) : 7
(8,5,9,6) : 1
(6,4,3,2) : 1
(5,3,7,8) : 1
(6,2,4,9) : 1
(4,5) : 105
(1,7,2) : 1
(5,6,4,3,7,2,1,9,8) : 1
(4,3,2,5,7,1,8,9,6) : 1
(3,1,5,4,7,9) : 1
(9,2,3,1,7) : 1
(1,4,9,5) : 1
(3,6,5,4,9,1) : 1
(5,7,8,1) : 1
(2,4,3,5,6,9,1,8,7) : 1
(6,8,7,2) : 1
(9,3,6,5) : 2
(2,5,4,9) : 1
(4,1,6,9) : 1
(7,9,6) : 2
(3,8,4,5,7,2,6,1,9) : 1
(7,3,5,6,9,1,2,8) : 1
(8,6,1,3,2,7,9) : 1
(3,9,1,7,8) : 1
(6,5,3,4,7,2,1,8,9) : 1
(9,1,7) : 4
(6,8,3,9,1,7,5,2,4) : 1
(7,5,6,9,1,2,8,3,4) : 1
(5,4,3) : 4
(4,2,5,7,3) : 1
(1,3,5,7) : 1
(3,5,1,6,8,2,4,7,9) : 1
(6,1,4,2) : 2
(6,7,1) : 1
(2,1,5,6) : 1
(3,4,5,9) : 1
(4,5,6,3,7) : 1
(5,9,1,2,7,8,3,4,6) : 1
(7,5,4,8,2,6,3,9,1) : 1
(3,1,9,7,5,8,4,2) : 1
(3,4,5,9,7,1,6,2,8) : 1
(4,3,5,7) : 4
(9,7,3) : 5
(9,3,1,8,7,6,5,4,2) : 1
(4,7,3,8,9,2,1,5,6) : 1
(9,7,8,3,2,1) : 1
(2,5,7,1) : 1
(6,5,2,3) : 1
(6,2,4,5) : 1
(2,6,7,3) : 1
(9,1,3,7) : 5
(3,7,1,2,9,8,4) : 1
(5,6,4,2,3,8,7,9,1) : 1
(2,4,6) : 3
(1,2,7,8) : 1
(7,6,3,1,2,4,5) : 1
(2,7,4,6) : 1
(7,8,2) : 3
(7,6,2,4,5,1,3,8,9) : 1
(6,7,5,3,8) : 1
(7,9,5) : 4
(6,5,1,2) : 2
(4,3,6) : 6
(9,6,7,2,1,5) : 1
(8,9,4,3,1,7,6,5,2) : 1
(8,7,5) : 2
(3,5,7,9,1,4) : 1
(7,9,1,3) : 5
(1,2,4,3,5,6,7,9,8) : 1
(3,9,8,5,4,6) : 1
(6,3,5,4,1,2,7,8,9) : 1
(6,5,9) : 3
(6,5,3,9) : 1
(6,3,5,8,7,9,4,1,2) : 2
(6,5,3,4,1,9,7,2,8) : 1
(7,9,5,1) : 2
(3,7,6,5) : 3
(5,7,2,8,9) : 1
(8,6,3,1,7,5,4,2,9) : 1
(3,9,1,5,7,4,2,8,6) : 1
(6,8,1,9,7) : 2
(3,5,1,6) : 1
(7,3,1,9) : 7
(6,7,8,9,5,2,4,1,3) : 1
(5,2,7,1) : 1
(7,2,9) : 1
(6,8,3,2,1,5,4,7,9) : 1
(6,9,8,7,1,2,3,4,5) : 1
(3,7,5,1,8,6) : 1
(3,6,7,8,9,5,4,2,1) : 1
(7,5,1,8) : 1
(2,9,7,5) : 1
(8,3,1,6,7,9,2,4,5) : 1
(7,9,8,2,1,4) : 1
(1,7,3) : 2
(5,6,4,8,2) : 1
(6,1,5,8,3) : 1
(7,6,3,5,1) : 1
(7,5,8,6) : 1
(4,2,6,7) : 1
(4,2,3,5) : 3
(6,5,1,9,7) : 2
(6,4,3,7,2,1,9,8) : 1
(9,5,2,7,1,8,4,3,6) : 1
(6,7,8,5,2,4,9,1,3) : 1
(7,9,5,3,8,1) : 1
(4,2,7,5) : 6
(3,4,5,6,8) : 1
(7,3,5,4) : 1
(7,3,9,5) : 1
(7,5,6,9,1) : 1
(2,1,6,8,9,7,3,5,4) : 1
(8,6,3,4,1,2,5,9,7) : 1
(7,5,1,3,8,9) : 1
(8,6,3,9,4) : 1
(8,3,1,6) : 1
(6,3,7,2) : 4
(6,2,1,3,9,8,7,5,4) : 1
(5,2,6) : 1
(5,3,7,2) : 2
(1,8,4,6,3) : 1
(7,5,4,2,8,9,6,3,1) : 1
(9,6,3,1,8) : 1
(6,7,5) : 36
(3,7,8,9,6,5,4,2,1) : 1
(8,1,3,6) : 2
(4,5,3,6,2,7) : 1
(6,3,1,9,8,7,5,4,2) : 1
(4,3,6,5,7,8,2,1,9) : 1
(6,5,7,3,1,9,8,2,4) : 1
(3,6,1,9,2,4,5,7,8) : 1
(3,5,6,4) : 3
(9,3,5,6,4,2,1,7,8) : 1
(4,2,8,6) : 1
(1,3,9,6) : 1
(5,9,7,2) : 1
(8,3,1,9,6,7,5,4,2) : 1
(6,8,1,3) : 1
(2,3) : 8
(7,3,5,2,8) : 1
(3,6,7,1) : 1
(3,9,7,1,2,8) : 1
(2,7,9,1,8,5,3,4,6) : 1
(5,6,8,2,4) : 1
(3,2,5,7) : 2
(6,9,7) : 12
(7,9,3,5) : 1
(2,4,1,7,8,5,3,6,9) : 1
(2,6,4) : 3
(4,2,5) : 59
(9,3) : 22
(3,2,1,8) : 1
(2,3,4,5,6,7,8,1,9) : 1
(3,6,9,7,2,1,4,5,8) : 1
(2,5,8,4,6,3,1,7,9) : 1
(8,3,7,4) : 1
(3,7,4,6,5,9,1,2,8) : 1
(3,7,5,1,6,9,8,2) : 1
(5,6,4,7,3) : 1
(4,5,7,2,8,9,3,1,6) : 1
(7,6,3,8) : 1
(8,6,9,3,1) : 3
(2,7,6,5) : 2
(6,4,9,3) : 1
(5,3,1,7,9) : 1
(3,2,5,6,4,9,7,8,1) : 1
(3,6,7,8,2,1) : 1
(1,7,5,4) : 1
(6,3,8,1,2,4,5,7,9) : 1
(6,5,2) : 2
(3,1,2,7,5,8,9,4,6) : 1
(6,5,3,2,7,8,9,1,4) : 1
(2,7,6,8,9,1,5,4,3) : 1
(7,5,2,6) : 1
(3,1,5,6,7) : 2
(9,6,3) : 7
(3,9,6,8,2,1,5,7,4) : 1
(4,3,5,6,7,2,1,9,8) : 1
(4,5,2,3) : 1
(5,3,2) : 3
(3,8,6,1,9,7,5,4,2) : 1
(5,7,1,3,6) : 1
(5,1,3,6,4,7,9,8,2) : 1
(6,5,4,3,9) : 1
(4,5,7,9) : 1
(1,9,7,5) : 2
(4,2,3,8) : 1
(6,3,4,1,5,7,8,9,2) : 1
(6,7,1,3) : 1
(6,3,4) : 13
(7,8,1,3,5,6,2,9,4) : 1
(3,7,9,5,6,8,4,2) : 1
(7,6,3,5,1,2,9,8,4) : 1
(6,4,9,2,1,5,7,8,3) : 1
(7,5,2,9,8,6,1) : 1
(6,8,9,7,1) : 1
(3,6,1,2,5,8,9,4,7) : 1
(6,5,3) : 26
(6,1,9,8) : 1
(7,3,2,5,1) : 1
(3,4,5,2,9,7,1,8,6) : 1
(6,2,4) : 2
(3,4,6,1,7,8,2,9,5) : 1
(7,6,5,2,8) : 1
(9,1,7,6,5) : 2
(4,9,3,7) : 1
(8,5,3,7,6,2,9,1,4) : 1
(5,3,6,7,9,4,1,2,8) : 1
(5,8,7) : 1
(4,6,2,5) : 1
(7,5,3,6,4,2,1,8,9) : 1
(5,4,2,8,7) : 1
(6,3,9,8) : 2
(3,7,1) : 19
(3,7,2,4,5) : 1
(6,1,9,5) : 1
(7,8,3) : 3
(5,4,2,8,7,6,3,1,9) : 1
(3,4,7,8,5,6,2,9,1) : 1
(6,9,7,4,5) : 1
(3,9,2,1) : 3
(7,3,2,1,5,8,6,4,9) : 1
(9,7,1) : 10
(6,1,3,2) : 1
(6,5,4,2) : 1
(9,7,8,6) : 1
(2,5,7,6) : 1
(7,5,2,3,6) : 1
(3,4,6,7,5,8) : 1
(3,9,5) : 8
(8,6,5,4) : 1
(3,7,6,5,4,2,1,8,9) : 1
(7,6,5,2,8,4,3,1,9) : 1
(1,2,3,5) : 1
(2,5,6,7,4) : 1
(9,3,1,5,7) : 2
(2,4,5) : 21
(6,7,5,3) : 4
(3,1,5) : 6
(6,3,5,7) : 5
(1,4,5,7) : 1
(2,6,5,7) : 2
(2,7,9,3) : 1
(6,7,8,2,5,4,1,9,3) : 1
(4,7,2,5,3) : 1
(7,3,1,5,9) : 1
(6,7,2,8,3,9,5,4,1) : 1
(4,9) : 1
(7,5,2,4,9) : 1
(7,2,3) : 3
(7,1,5,8,3) : 1
(3,7,1,4,2,9,8,5,6) : 1
(6,7,3,9) : 1
(6,8,5,2) : 1
(4,5,9,7,6,8,1,2,3) : 1
(6,3,7,9) : 6
(3,8,9,7,6,5,4,2,1) : 1
(6,3,4,5,2,1,7,8,9) : 1
(3,9,7,4,2,1) : 1
(7,5,1,9) : 4
(8,3,2) : 1
(1,3,9,8,7,2,5,6,4) : 1
(3,6,1,8,2,4,5,7,9) : 1
(6,4,5,7,8,2,1,3,9) : 1
(6,3,1,4,5,7,8,9,2) : 1
(6,4) : 36
(3,5,4) : 8
(6,2,1,3,4,5,7,8,9) : 1
(6,3,7) : 19
(4,2,8) : 9
(2,3,5) : 2
(3,8,1,9,6) : 2
(7,1,9,6,5,2,3,8,4) : 1
(7,3,1,9,8,6,5,4,2) : 1
(4,6,3,5,9,7,1,2,8) : 1
(7,6,5,2) : 3
(5,4,6) : 7
(5,7,6,2) : 1
(6,4,5,7,1,9,8,2,3) : 1
(6,3,8,5,9,7,1,2,4) : 1
(6,5,4,3,7,1,2,8,9) : 1
(3,7,5,4,2) : 2
(7,1,3,5) : 1
(3,6,1,7,5,4,2,8,9) : 2
(4,3,5,2) : 1
(3,7,9,5,4,2) : 1
(6,4,5,2,8,7,1,9,3) : 1
(4,5,2,6,7,8,3,1,9) : 1
(4,7,3,9,5,2,6,8,1) : 1
(3,4,7,2) : 1
(5,9,2) : 1
(3,8,9,6,1,2) : 1
(3,5,7,1,4) : 1
(5,8,9,3,6,7,2,4,1) : 1
(3,4,7,5,2) : 2
(8,3,9,5,6,7,4,1,2) : 1
(6,1,3) : 7
(8,6,3,9) : 3
(2,3,5,7) : 1
(6,5,3,7,8,2,1,4,9) : 1
(3,9,6,8,7,5,2,4,1) : 1
(1,9,3,6,5) : 1
(7,5,3,6) : 4
(6,4,3,5,7,8,9,2,1) : 1
(3,6,9) : 11
(7,5,3,1,2) : 1
(6,8,4) : 1
(5,7,3,1,9) : 1
(8,3,6,1,9,2,4,5,7) : 1
(6,8,3,5) : 4
(6,8,4,3) : 1
(4,6,7,3) : 1
(1,7,5,3) : 2
(3,6,1,9,7,8,5,4,2) : 1
(3,9,6) : 5
(6,7,9,1,3,5,8,4) : 1
(6,3,5,7,8) : 1
(5,2,4,9) : 1
(9,6,7,1) : 2
(9,3,1) : 4
(3,4,2) : 4
(7,2,4,1,3,5,6,9,8) : 1
(2,8,9) : 1
(3,9,2,4) : 1
(7,6,5,9) : 3
(1,3,5) : 2
(4,5,6,3) : 2
(7,2,8,5) : 1
(3,5,9) : 3
(5,7,3,9,1,2,6,8,4) : 1
(7,5,3,9,1,6) : 1
(6,5,7,8,4,2,3,9) : 1
(6,2,9,5) : 1
(3,8,6,1,9,7,5,2,4) : 1
(5,7,4,3,2,8,9,1,6) : 1
(6,3,7,1,9,5) : 1
(6,4,5,2) : 1
(8,7) : 1
(5,6,9,7) : 2
(6,1,5,7,9,3,4) : 1
(7,3,9,2,1,5,8,6,4) : 1
(6,8,7) : 1
(3,9,7,1,5) : 1
(8,6,3,1,2,9,4,7,5) : 1
(6,1,3,4) : 2
(1,7,6) : 1
(4,2,6,5) : 2
(6,7,8,9,4,1,2,5,3) : 1
(3,8,9,7,1,2) : 1
(6,5,3,1,2) : 1
(5,7,4,3,6) : 1
(6,4,3,8) : 1
(3,6,7,5,1,2,8,4,9) : 1
(3,6,7,2,1,8,9,5,4) : 1
(7,3,6,5,4,8,9,1,2) : 1
(7,3,2,5,9) : 1
(7,9,8,3,1) : 1
(5,6,7,4) : 1
(1,9) : 4
(5,3,7,1) : 2
(3,5,1,7) : 2
(3,7,9,8) : 1
(2,3,4,5,6,9,8,1,7) : 1
(7,6) : 37
(3,6,4,5) : 2
(2,4,5,8) : 1
(3,7,6,9,8,5,1,2,4) : 1
(8,7,1,3,9,5,6,4,2) : 1
(3,5,6,7,2,4,1,9,8) : 1
(7,1,9) : 4
(6,3,9) : 14
(6,8,1,3,2,4,5,7,9) : 1
(6,3,4,5) : 1
(6,5,2,7,3,9,1,4,8) : 1
(8,2,9,1,7,3,6,5,4) : 1
(3,5,6,7,4,9,8,1,2) : 1
(3,5,4,7,1,2,8,9,6) : 1
(7,9,1) : 6
(5,4,2,8) : 1
(1,3,7,5) : 1
(3,8,2,4,9,5) : 1
(4,8,2,6) : 2
(4,7,9,3,5,2,1,8,6) : 1
(6,4,2,7,3,8,1,9) : 1
(4,3,7) : 11
(4,7,5) : 18
(6,5,3,7,4,1,2,8,9) : 1
(6,8,3,1,7) : 1
(4,5,9) : 1
(5,7,2,8,9,6,1,4,3) : 1
(6,5,3,1,8,2,4,7,9) : 1
(4,3,9) : 6
(6,9,8,7,1,3,2,4,5) : 1
(4,5,6,8,2) : 1
(3,5,7,4) : 4
(3,9,6,7) : 1
(6,9,3) : 8
(4,5,6,7,8,1,2,3,9) : 1
(2,4,7,3) : 1
(4,5,2,7) : 9
(9,5,2) : 1
(3,2,4) : 3
(8,6,3,1,7,9,4,5,2) : 1
(2,5,7,3) : 2
(1,6,4) : 1
(9,3,5,2,4,7,8,6) : 1
(5,6,2,8) : 2
(9,6,3,5,7,1) : 1
(8,5,1,3) : 1
(7,6,2,5,9,1,8,3,4) : 1
(5,6,7,9) : 6
(9,1,7,8) : 1
(3,4,5,8) : 1
(5,7,6,3,4,2,8,9,1) : 1
(7,5) : 82
(7,9) : 16
(8,3,5,9,1,2,6,7,4) : 1
(4,5,6,2,1,7,3,9,8) : 1
(2,4,6,5,3) : 1
(4,7,5,9,2) : 2
(3,6,8,2,1,4,5,7,9) : 1
(3,5,7,9,1,6,4,2,8) : 1
(7,4,6,5,9) : 1
(5,6,7,3) : 4
(3,4,5,2,6) : 1
(5,3,6,7,8,2,1,4,9) : 1
(3,7,2) : 15
(6,4,2,3,1) : 1
(1,7,2,9,6) : 1
(4,5,8) : 3
(7,5,4,2,6) : 1
(6,9,5,7) : 2
(3,4,6,5,9,8) : 1
(7,2,9,1,8) : 1
(3,6,8,9) : 14
(6,2,4,5,3) : 1
(3,9,1,7) : 6
(6,5,9,1) : 1
(6,7,5,3,2,1,4,8,9) : 1
(4,5,7,6,3) : 1
(2,4,3,5,6,1,7,8,9) : 1
(4,2,6,5,7) : 1
(3,4,5,2,1,6,7,8,9) : 1
(2,5,6,3,4) : 1
(6,5,7,8,9,4,2,1,3) : 1
(6,3,5,1,2,8,4,7,9) : 1
(2,8) : 5
(9,7,5,3) : 1
(7,9,3,1,8) : 1
(4,5,7,2,3,6,8,9,1) : 1
(5,7,3) : 9
(2,6,4,5,7,8,9,1,3) : 1
(5,6,7) : 25
(3,7,9,5,4) : 1
(4,6,7) : 8
(8,3,5) : 2
(6,1,7,5,9,8,2,4,3) : 1
(7,5,6,3,4) : 1
(6,3,5,7,1,4,9) : 1
(4,3,2,7,5) : 1
(7,3) : 44
(5,6,3,9) : 2
(7,5,2,1) : 1
(3,6,2) : 3
(5,2,7,1,8,6,3,4,9) : 1
(3,4,5,9,7) : 1
(3,4,2,7,9) : 1
(6,3,8,7,5,9) : 1
(7,5,8,6,9,3,4,2,1) : 1
(1,9,7,2,5,6,8,3,4) : 1
(7,3,6,5,9,1,4) : 1
(6,3,4,7,8,5,2) : 1
(7,9,2,1) : 2
(6,7,5,4) : 3
(6,1,3,2,5,9,4,7,8) : 1
(6,1,7,2) : 1
(9,3,6,7,1,5,4) : 1
(7,4,3,2) : 1
(3,2,5,1,7) : 1
(7,9,5,4,3,2,8,1,6) : 1
(4,2,6,7,5,9,8,1,3) : 1
(3,8,7,9,5,1) : 1
(5,6,3,4,7) : 1
(1,3,5,9) : 1
(6,8,5,3,9,7) : 1
(6,9,8,5,3,7,2,1) : 1
(3,9,1,2,7,8,5,4,6) : 2
(2,6,8,9,7) : 1
(2) : 85
(8,6,3,7,9,1,2,4,5) : 1
(3,8,4,2) : 1
(4,6,5,2,7,8,1,3,9) : 1
(6,1,3,8) : 4
(6,5,4,3,2,7,1,8) : 1
(1,9,6,8,7,2,5,3,4) : 1
(3,4,2,6) : 1
(6,3,9,5,7,4,1,2,8) : 1
(6,3,7,5) : 4
(3,9,2,7) : 1
(6,4,3) : 7
(9,5,7,3) : 1
(5,9,6) : 2
(3,7,9,1) : 8
(7,2,6,3) : 1
(3,6,2,7) : 1
(5,4,7,6,3,1,9,2) : 1
(8,3,6,2) : 2
(6,3,5,1) : 2
(6,3,8,9,2,7,1,4,5) : 1
(6,3,7,4) : 1
(5,4,7,3,6,2,1,9,8) : 1
(3,4,5,7) : 5
(6,3,1,5,7,9,8,4,2) : 1
(4,5,7,2,3,1,8,6,9) : 1
(3,9,8,2,1,7,5) : 1
(7,1,3) : 3
(6,9,3,5) : 1
(3,6,4,7,2) : 1
(6,3,5,9) : 1
(7,1,9,8,2,6,5,3,4) : 1
(6,3,4,5,1,7,8,9,2) : 1
(6,4,5,1,8,9,3,2) : 1
(6,7,4,5,3,2,8) : 1
(7,1,9,5,6) : 1
(7,6,3) : 8
(6,7,3) : 8
(2,1,5,7,8,9) : 1
(6,3,9,2,1,8,7,5,4) : 1
(3,6,5) : 22
(5,7,1) : 3
(7,3,9,1,6,5,4,2,8) : 1
(6,4,3,1,5) : 1
(7,5,4,3) : 1
(7,5,9,1,6) : 1
(6,7,3,5) : 1
(3,4,7,2,8,9,5,6,1) : 1
(2,3,8,1,9,7,6,5,4) : 1
(3,5,7,2) : 4
(5,7,4) : 15
(6,3,2,4,5,8) : 1
(9,8,6,1) : 1
(3,7,9,8,6,5,4,2,1) : 1
(6,4,7,5) : 5
(7,5,8) : 3
(9,3,7,8,2) : 1
(5,7,8) : 6
(9,7,4) : 4
(6,8,5) : 6
(6,4,7,8,2,1,5,3,9) : 1
(7,5,3,4) : 3
(3,1,5,4) : 1
(5,3,6,8,1,7,9,2) : 1
(4,5,3,2) : 2
(6,1,8,3) : 1
(5,7,3,6) : 2
(9,3,5,1) : 1
(6,3,1,4,5,7,9,8,2) : 1
(5,4,3,7) : 4
(3) : 584
(6,7,5,2,3,8,4) : 1
(6,3,4,7) : 1
(6,7,2,8) : 3
(4,6,7,2,8,5,3,1,9) : 1
(4,5,6,9,7) : 1
(7,5,9,3) : 1
(7,5,4,6) : 1
(5,4,3,2,7) : 1
(6,7,4,5,2,8,1,9,3) : 1
(6,2,4,3,7,5,8,1,9) : 1
(8,6,3,5) : 7
(3,9,5,7) : 2
(4,5,3,6,8,7,2,1,9) : 1
(6,3,7,5,9,8,2,1,4) : 1
