1,2,3,4,5,6,7,8
1,2,3,4,5,6,7,8
1,2,3,4,5,6,7,8
Informal,0
-+-+-+-+-+-+-+
(2,6,7) : 14
(5,4,1,7,6,2,3,8) : 1
(5,4,6,3) : 3
(1,5,4,6) : 5
(3,2,4,5,6,8,1,7) : 1
(5,6,4,1,7,2) : 1
(4,5,7,1,6,3,8,2) : 1
(7,4,5,6,1,2,8,3) : 1
(6,4,5,3) : 1
(2,7,1,4,8,3,6,5) : 1
(3,6,8,1) : 1
(8,7,3) : 1
(1,5,7) : 1
(7,6,1,8,3,2,4,5) : 1
(6,2,1,5,4) : 1
(8,1) : 2
(1,4,7,2) : 3
(2,6,3,8,1,5,4) : 1
(6,8,2,1,3,7,4,5) : 1
(2,4,5,1,6,8,3,7) : 1
(3,2,4,6) : 1
(1,2,7,8,6,3,4,5) : 1
(5,4,6,7) : 1
(1,3,2,6,8,5,4,7) : 1
(4,5,8,3,1,6,7,2) : 1
(4,5,1,6,7) : 4
(3,7) : 1
(8,3,5,4,6,2,1,7) : 1
(3,2,5,6,7,1,8,4) : 1
(4,6,1,5) : 4
(6,1,3,5) : 1
(2,1,7,5,6,4,3,8) : 1
(4,5,3,2,1,6,7,8) : 1
(5,4,2,1,7,6,8,3) : 1
(2,1,4,6,7,8,5,3) : 1
(6,2,8,3,4) : 1
(7,4,5,1,6) : 1
(2,4,6,5,7,3,1,8) : 1
(1,3,6) : 6
(2,6,7,8) : 1
(5,3,4,2) : 1
(2,4,3,1) : 2
(4,6,7,5,1,8,2,3) : 1
(3,8,6,1,2) : 1
(4,1,7) : 7
(7,1,4,2,5) : 1
(1,6,4,2,5,8,7,3) : 1
(5,4,3,6) : 3
(1,6,8,4,5,2,3,7) : 1
(2,5,6,1) : 1
(7,5,4,3,1,8,6,2) : 1
(5,7,4) : 4
(4,5,2,1,6,3,7,8) : 1
(6,3,1,2) : 1
(4,2,1,6) : 3
(4,7,8,1) : 1
(4,8,2,5) : 1
(2,6,1,3,8,4,7,5) : 1
(7,5,1,4,6,2,8,3) : 1
(7,3,8,1) : 1
(4,6,1,8,5,3) : 1
(5,1,2,3,6) : 1
(4,6) : 19
(1,3,6,4,5) : 2
(2,8,6,1) : 1
(6,2,5) : 3
(2,8,3,1,6) : 1
(7,5,4,1,6,2) : 1
(8,3,6,5,4,1,2,7) : 1
(7,6,4,3,5,2,1,8) : 1
(6,1,2,8,3,5,4,7) : 1
(3,1,5,4,2,6,8,7) : 1
(2,3,8,1,6,4,5,7) : 1
(1,7,4) : 11
(1,3) : 5
(3,4) : 8
(6,4,3,1) : 1
(4,7,3) : 2
(5,6,2,7) : 1
(4,1,6,7) : 1
(6,3,2,8,1) : 1
(5,7,6,4,1,8,3,2) : 1
(8,3,5,6) : 1
(6,1,2,5) : 3
(2,1,6,4) : 3
(1,7,2,5) : 1
(5) : 121
(5,4,2,1,3,6,7,8) : 1
(2,4,6,5,1,3,8,7) : 1
(2,1,6,4,5,7,3) : 1
(5,4,6,3,1) : 1
(4,3,2,5,8,1) : 1
(6,2,1,3) : 3
(5,4,8,1) : 1
(2,6,8,1,4,5,3,7) : 1
(6,1,8,3) : 3
(7,4,5,1,2,6,8,3) : 1
(2,4,5,6,1) : 3
(1,6,5,7,4) : 1
(8,3,5,4) : 2
(4,5,1,8) : 4
(4,5,6,3) : 11
(5,4,6,3,1,7,8,2) : 1
(6,8,3,1,5,4,2,7) : 1
(2,8,4) : 1
(1,4,5,2) : 10
(5,2,8) : 2
(7,5,2) : 1
(4,2,1,8) : 1
(2,5,4,7) : 1
(6,4,5,3,7,1,8,2) : 1
(2,7,1,4) : 1
(5,1,4,8,3,6,7,2) : 1
(8,3,6,1) : 1
(2,4,5,3,1,8,7,6) : 1
(2,8,4,3,5,6,7,1) : 1
(2,4,3,5,6,1,8,7) : 1
(5,4,8) : 5
(1,6,2,8,4,5) : 1
(1,2,6,3,4,5,7,8) : 1
(3,4,1,2,6,5,8,7) : 1
(3,4,5,8,6,1,2,7) : 1
(6,8,3,1,2) : 1
(6,8,4,3,5,1) : 1
(4,1,5,6,7,8,2,3) : 1
(4,2,5,8) : 1
(6,3,4,5) : 1
(6,2,7,3,4,1,5,8) : 1
(5,2,4,8) : 1
(2,7,4,1,5) : 1
(1,7,2,3,6,8,4,5) : 1
(4,5,1,2,6,8,3,7) : 2
(4,6,2,1,3,5,8) : 1
(3,8,6,4) : 2
(3,5,4,1,2,6,8) : 1
(4,2,5,1,6) : 1
(2,1,6,8,5,4,3,7) : 2
(6,5,4,1,7) : 1
(5,8,2,4) : 1
(6,5,1) : 6
(7,1,6,8) : 1
(7,2,5,4,1) : 1
(6,7,5) : 1
(8,3) : 6
(1,4,2,5,7) : 1
(4,5,2,8,3,1,6,7) : 1
(2,1,8) : 8
(1,3,4,5,6) : 1
(7,3,2) : 1
(5,6,1,7,4) : 1
(6,7,2,1) : 3
(2,4,8,7) : 1
(2,3,8,6,4,5,1,7) : 2
(3,4,6,5,7,8,1) : 1
(2,1,6,3,8) : 3
(4,5,2,1,6,7,8,3) : 5
(4,2,3) : 2
(4,2,8) : 2
(5,4,8,2) : 1
(6,8,1,5,3,2,4,7) : 1
(2,7,8,3) : 1
(6,5,4,1,7,2,8,3) : 1
(2,1,3,6,8) : 1
(3,2,1,4,5,6,8,7) : 1
(4,5,6,7,1,2,8,3) : 2
(2,6,5,4,1) : 1
(6,2,4,5,1,3,8,7) : 3
(2,8,3,4,5,6,1,7) : 1
(2,3,4,1,5,6) : 1
(5,4,2,3,1) : 1
(3,1,5) : 1
(1,2,7) : 9
(1,4,3,5,6) : 1
(4,8,5) : 3
(4,1,5,2,6,7) : 1
(8,2,1,5) : 1
(3,1,6,4,5,2,7,8) : 1
(7,1,6,8,3,4,5,2) : 1
(2,3,8) : 20
(2,4,8,5) : 2
(1,6,3,8) : 3
(2,6,5,8) : 1
(3,5,6,1) : 1
(8,5,4,3) : 1
(5,3,2,6) : 1
(1,2,5,6,3,4,7,8) : 1
(4,5,8,7,6,3,1,2) : 1
(5,4,1,2,6,8,7,3) : 2
(1,6,7,2) : 2
(2,3,7) : 5
(3,8,2,6,4) : 1
(3,1,2,5,4) : 1
(3,4,5,8,2,6,1,7) : 1
(7,1,6,4,5) : 3
(7,6,5,4,1,2,3,8) : 1
(8,1,3,6) : 1
(8,3,1,2,6,5,4) : 1
(3,4,2,5,6,8) : 1
(1,4,5,6,8,3) : 1
(3,6,8,2) : 2
(4) : 334
(6,5,4,1,2,7,3,8) : 1
(2,8,6,7,5,4,1,3) : 1
(2,7,6,8,1,4,5,3) : 1
(4,5,1,2,3,6,7,8) : 2
(3,2,8,4) : 1
(2,1,4,7,6) : 1
(4,5,7,1,2,8,6,3) : 1
(6,4,3) : 2
(5,4,6,1,2,7,8,3) : 1
(6,8,1,2,3,5,4,7) : 1
(2,1,6,3,5,4,8,7) : 1
(7,5,4,1,2,6,8,3) : 2
(6,5,7,1) : 1
(2,3,8,6,1,7,4,5) : 1
(4,5,1,7,6,2,3,8) : 4
(8,5,4,1,7,6) : 1
(2,4,3,6) : 3
(4,5,3,1,2,6,7) : 1
(2,1,7,4,5,6,8,3) : 2
(4,5,2,6,7,3,1,8) : 1
(1,4,2,6) : 1
(6,4,1,5,8,2,3,7) : 1
(7,1,2,4) : 1
(3,2,1,4) : 2
(6,2,8,3) : 5
(2,1,3,8,6,4,5,7) : 1
(3,2,6) : 10
(3,6,8,1,2,4,5) : 1
(6,1,3,2,4,5) : 2
(1,2,4,6) : 3
(2,3,6,8) : 14
(4,1,5,6,2,7,8,3) : 1
(4,3,6,1,8) : 1
(7,2,6,5) : 1
(8,5,4,1,3,2) : 1
(2,6,1,8,4) : 1
(1,2,3,8) : 4
(4,8,5,1,3,6,2,7) : 1
(4,7,5,1,2) : 1
(6,1,4,3) : 1
(5,7,4,1) : 1
(6,1,8,3,2,4,7,5) : 1
(3,2,8,6) : 4
(3,2,6,1,8) : 1
(2,1,5,6) : 2
(6,1,3,2,8,4,5,7) : 1
(6,5,4,3,1,2,8,7) : 1
(1,4,2,7) : 2
(1,7,4,2,5,6) : 1
(2,1,5) : 8
(1,2,4,5,6,7,8,3) : 2
(5,2,4,6,3) : 1
(4,5,1,7,8,6,2,3) : 1
(2,6,4,5,1) : 2
(1,5,7,4) : 1
(2,3,4,6,8,1,5) : 1
(2,1,8,7,6) : 1
(6,2,3,1,4,5,8,7) : 1
(4,5,1,2,7,8,6,3) : 1
(8,3,4) : 1
(2,1,6,3) : 8
(5,2,7,8,3,6,1,4) : 1
(7,1,2,6) : 2
(2,6,1,5,4) : 3
(1,3,4,6,2,8) : 1
(2,7,1,6,8,3) : 1
(4,5,1,2,6) : 1
(1,7,5,4,6,2,8,3) : 2
(1,7,6,2) : 3
(7,6,1) : 27
(4,5,2,1,7,6,8,3) : 3
(4,2,1,3,5) : 1
(5,3,1,4,6) : 1
(5,8,2,1) : 2
(6,1,7) : 11
(1,6,3,2,4,5,8,7) : 1
(1,7,4,5,2,6,8,3) : 1
(3,6,8,2,1) : 2
(3,2,1,8,6) : 1
(4,5,1,3) : 4
(2,8,1,4,6,5,7,3) : 1
(5,4,2,1,7,8,6,3) : 1
(2,1,7,6) : 16
(1,2,4,5,8) : 2
(3,6,2,1,4,5,7,8) : 1
(1,7,6) : 19
(2,8,3,1,4,5,6,7) : 1
(2,1,7,5,4,3,6,8) : 1
(1,2,4,5,6,8,7,3) : 2
(8,4,5,3) : 1
(1,6,2,8) : 3
(2,7,8) : 3
(2,6,3,8,1,4,5,7) : 2
(2,1,7,6,5,4,3,8) : 1
(7,6,4,8) : 1
(8,5,1) : 1
(2,6,3,1,4,5,8,7) : 1
(2,1,4,5,6,8,7,3) : 1
(2,3,8,1,4,5,6,7) : 2
(6,2,1,5) : 1
(7,1,2,4,5,6,3,8) : 1
(2,3,1,5,4,6,8,7) : 1
(2,1,3,6,7,8,4,5) : 1
(2,1,7,5,8,4,6,3) : 1
(1,6,7,3) : 1
(2,4,5,6,7,3,1,8) : 1
(3,1,4,5,6) : 1
(2,5) : 17
(1,3,2,5,6) : 1
(2,1,7) : 30
(3,1,2,6) : 1
(6,2) : 41
(5,3) : 5
(3,4,2,6) : 1
(4,2,6) : 8
(7,1,6) : 48
(1,3,8,6,2) : 1
(5,1,6,3,2,4,8,7) : 1
(1,4) : 29
(5,1,3) : 1
(5,1,4,7) : 3
(1,3,2) : 2
(1,6,3,5,4,7) : 1
(4,5,1,6,3,2) : 1
(7,6,5) : 1
(6,7,5,4) : 2
(4,7,6,2,1) : 1
(3,1,2,6,8,7,5,4) : 1
(4,1,2) : 9
(8,3,5,1) : 1
(1,4,2,5,6) : 1
(6,1,4,7) : 1
(1,6,4,5) : 6
(4,8,3) : 2
(2,4,5,6) : 8
(2,7,1,4,5) : 1
(1,8,3) : 2
(7,4,1) : 9
(2,6,1,3,8,5,4,7) : 1
(1,2,6) : 40
(7,1,4,5,2) : 2
(6,2,8,3,4,5,1,7) : 1
(2,6,4,5,1,8,3,7) : 1
(6,1,3,2,4,5,7,8) : 1
(4,1,5,2,7,6,8,3) : 1
(2,4,1,5,3,8,7,6) : 1
(7,2) : 26
(1,2,5,4,6) : 1
(6,1,2,4,5,8,3,7) : 1
(5,4,1,8,3,2,6,7) : 1
(6,4,1,2,3,5,8,7) : 1
(1,7,4,5,2,3,8,6) : 1
(2,4,5,1,3,7,8,6) : 1
(4,5,1,6,2,7,8,3) : 2
(4,8,6,7,1,2,5,3) : 1
(2,1,4,5,7,6,3,8) : 1
(2,4,1,5,7,6,8,3) : 1
(4,3,5,8) : 1
(5,4,3,8,1,6) : 1
(4,5,6,7,1,2,3,8) : 1
(6,2,1,8,3,4,5,7) : 1
(2,1,4,5) : 23
(7,2,1,6,4) : 2
(2,1,3) : 17
(2,6,8,1,7) : 1
(1,5,3) : 1
(1,7,6,5,4,2,3,8) : 1
(7,1,3) : 3
(2,3,4,5,8) : 2
(6,2,1,7,8,5,4,3) : 1
(8,3,4,5,6) : 1
(8,2,1,3,7,4,5) : 1
(3,6,1,2,8) : 1
(1,6,2,3,8) : 1
(4,5,1,6,8) : 1
(4,2,6,1) : 1
(2,3,4,5,6,1,8,7) : 1
(2,4,1,6,7,8,3,5) : 1
(3,2,4) : 1
(3,6,2,8,1) : 1
(1,6,5,4,2,8,3) : 1
(5,2,4,6) : 2
(6,4,5,1) : 8
(8,4,3) : 1
(7,4,6) : 2
(2,8,3,6) : 3
(5,4,7,8,6,3,1) : 1
(8,5,2) : 1
(4,2,8,3,5,6,1,7) : 1
(2,4,3,1,5,7,8,6) : 1
(2,1,3,5,6) : 1
(1,2,5) : 6
(4,5,6,1,7,2,3,8) : 3
(4,1,3) : 3
(5,4,2,3,1,6,7,8) : 1
(7,2,3,8,1,6,4,5) : 1
(6,4,5,3,8,7,1,2) : 1
(2,4,5,1,7,8,3,6) : 1
(4,5,6,1,7) : 3
(4,6,1,2,8) : 1
(3,4,6,1,8,5,2,7) : 1
(2,6,3,1,7,4,5,8) : 1
(4,6,3) : 2
(3,2,1,7) : 1
(2,1,4,5,3) : 1
(5,4,3,2,1,6,8,7) : 1
(2,1,3,5,4,6,8,7) : 2
(6,1,4,5,7) : 1
(6,2,8,3,1) : 2
(8,6,1,3) : 1
(1,8,3,6,2) : 1
(6,5,4,1,2) : 2
(6,8,1,4,2,3,5,7) : 1
(1,3,2,6,5,4) : 1
(2,7,6,8,1,3,4,5) : 1
(4,3) : 7
(4,5,3,1,7,6,8,2) : 1
(4,5,1,3,6,8,2,7) : 1
(4,5,1,7,6,8,3,2) : 1
(2,1,7,4) : 4
(1,6,4,5,2) : 1
(6,4,5,2,8,7,1,3) : 1
(4,2,1) : 15
(4,6,8) : 1
(6,2,3,8,1,4,5) : 1
(6,4,2) : 6
(1,7,2,4,5,8,6,3) : 2
(1,2,4,6,7,5,8,3) : 2
(5,4,3,2,1,7,6,8) : 1
(4,7,5) : 4
(1,6,3,8,2,5,4,7) : 2
(4,2) : 30
(5,6,2) : 3
(1,8,6,2) : 2
(1,6,2) : 31
(1,7,2,6) : 3
(4,8,7) : 1
(7,4,5) : 20
(1,3,8,7,6,2) : 1
(4,3,1,2,5,6,7,8) : 2
(4,1) : 29
(1,6,7,4,5) : 1
(4,2,3,6,1) : 1
(2,5,4,8,1) : 1
(6,8,3,2,1,5,4,7) : 1
(1,8,6,2,3,5,4,7) : 1
(4,5,6,8,7,1,2,3) : 1
(6,7,1) : 4
(4,5,6,1,8,7,3,2) : 1
(6,1,2,7) : 2
(2,1,8,7,6,5,4,3) : 1
(2,3,8,4) : 2
(2,4,5,6,8) : 1
(6,5,3) : 1
(7,1,8,5) : 1
(8,7,3,1) : 1
(4,5,6,8,2,3,1) : 1
(2,3,8,1,6,7,5,4) : 1
(3,2,5,4,8) : 1
(1,5,3,4,6,8) : 1
(1,4,3,5) : 2
(7,1,5,4,2) : 1
(1,2,7,4,5) : 2
(2,5,1,3,4) : 1
(2,3,7,6,1) : 1
(5,4,2,1) : 7
(4,5,3,1) : 4
(7,8,2,3,6) : 1
(2,3,4,5,6,1) : 1
(2,5,4,3) : 1
(2,4,3,5) : 3
(1,6,2,4,5,3,8,7) : 1
(2,3,6,7,8,1,4,5) : 1
(1,6,7,3,8,4,5,2) : 1
(5,4,2,1,3) : 1
(2,4,3) : 4
(2,1,3,5,4) : 1
(2,3,6,5,4,1,8,7) : 1
(3,8,1,2,4) : 1
(2,8,7,6,3,1,4,5) : 1
(2,5,7) : 2
(2,7,1,5) : 1
(2,6,1) : 72
(5,4,8,3) : 2
(4,5,6,2,1,3,8,7) : 1
(5,2,1,4,7,6,8,3) : 1
(2,5,1,6) : 1
(2,3,8,6) : 8
(2,1,7,8,6,3) : 1
(4,5,1,7,6) : 5
(5,4,7,8) : 1
(4,5,2,3,6,7,1,8) : 1
(7,4,5,1) : 7
(2,6,8,4,5,1,3,7) : 1
(2,7,4) : 4
(7,2,4) : 1
(6,2,1,3,4,5,7,8) : 1
(6,8,1) : 2
(4,2,1,7,5,6,3,8) : 1
(7,1,5,6,4) : 2
(1,2,4,7) : 1
(7,2,1,6,8,3,4,5) : 1
(4,3,5,1,2,7) : 1
(7,2,1) : 12
(1,5,3,8) : 1
(6,2,4,5,1,3) : 1
(6,2,5,1) : 1
(4,1,7,6) : 2
(2,6,7,5) : 1
(4,5,3,2,1,8,6,7) : 1
(4,5,8,1,3,2,6,7) : 1
(4,5,1,7,3,6,8,2) : 1
(4,6,5,1,2,8,3,7) : 1
(6,1,5,4,7,2,8,3) : 1
(4,5,6,3,1,8,7,2) : 1
(2,8,6,1,3,7,4,5) : 1
(6,1,2,4,5) : 1
(7,6,2) : 5
(6,3,1) : 3
(7,1,5,3,2,4,8,6) : 1
(2,6,8,1,3,7,4,5) : 1
(5,4,1,2,6,7,3,8) : 1
(1,6,2,5) : 2
(5,4,3,1,2,6) : 1
(8,2,1,3,4,5,6,7) : 1
(4,5,6,1,2,8,7,3) : 2
(7,4,5,2,1,6,3,8) : 1
(5,4,1,2,6,3,7,8) : 1
(5,2,3,6) : 1
(1,2,5,6,7,8,4,3) : 1
(2,5,4,1,6) : 2
(7,6,2,3) : 1
(1,4,2,5,6,8,3) : 1
(3,8,2,5) : 1
(2,1,3,6,8,7,5,4) : 1
(4,5,1,7,3,8,6,2) : 1
(4,1,6,5) : 3
(2,5,4,8) : 1
(8,3,4,5,2,7,1,6) : 1
(3,1,2,4,5,6,8,7) : 1
(6,2,8,1,5,3,4,7) : 1
(4,5,6,7,2,1,8,3) : 1
(6,1,2,3,8,7,4,5) : 1
(2,6,7,4) : 1
(2,8,6,3,1) : 1
(6,3,4) : 3
(4,3,6,1) : 1
(4,5,8,1,2,7,6,3) : 1
(3,2,5) : 1
(6,1,5,4) : 9
(5,7) : 3
(8,2,6,1,5) : 1
(3) : 85
(2,4,5,1,6) : 2
(6,3,8) : 11
(3,7,6,8) : 1
(5,2,4) : 6
(5,4,1,7,2,3,6,8) : 1
(4,5,6,7,1) : 3
(2,6,4,5,1,7,3,8) : 1
(1,4,3,6,8,5,2,7) : 1
(1,2,7,3,5,6,4,8) : 1
(3,6,8,5,4) : 1
(1,4,2,3,6) : 1
(7,5,3,2,4,1,6,8) : 1
(8,3,6,2,4,5,7,1) : 1
(5,4,1,6,2) : 2
(1,8,3,6) : 1
(3,2,8,6,5,1,4) : 1
(6,4,5,2,7) : 1
(2,3,5,4,1,8,6,7) : 1
(7,3,2,1,4,8,6,5) : 1
(4,5,1,7,2,3,8,6) : 1
(5,2,4,7,6,1,3) : 1
(4,5,1,6,3) : 1
(4,5,1,8,7,6,3,2) : 1
(2,6,3,4,7,8) : 1
(2,3,4,5) : 7
(6,2,4) : 4
(4,5,1,2,3,6) : 1
(5,1,7,4,6,3,8,2) : 1
(1,2,6,7) : 5
(5,8,6,4) : 1
(6,8,5) : 1
(2,8,3,1) : 4
(3,7,4,5) : 1
(4,5,1,2,6,8,7,3) : 1
(2,3,1) : 13
(4,5,2,1,8,6,3,7) : 3
(1,2,8) : 6
(6,1,4,5) : 13
(5,4,2,1,3,6,8,7) : 1
(3,2,8,7) : 1
(1,2,5,7) : 2
(2,8,3,1,4,5,7,6) : 1
(3,6,8) : 11
(5,2,1,4,6) : 1
(2,4) : 53
(4,5,1,2,6,3,8,7) : 1
(5,4,2,8) : 3
(3,6,2,4,5,8,1,7) : 2
(1,6,4,8,3,5,2,7) : 1
(2,1,3,7,8,4,5,6) : 1
(2,6,5) : 7
(4,5) : 632
(2,5,4,8,6,1,3,7) : 1
(6,8,1,5,4,3) : 1
(4,5,1,6,2) : 1
(1,6,8,7,3,2,5,4) : 1
(7,1,6,4,5,2,8,3) : 1
(1,3,7,8,6,5,4) : 1
(1,7,5,4,6) : 1
(7,1,4,5,6,8,2,3) : 1
(5,4,1,8) : 1
(4,5,8,3,6,7,2) : 1
(3,7,2,8) : 1
(4,1,5,6,7) : 1
(1,6,5,4,7,8,3,2) : 1
(2,6,8,1,3) : 1
(5,1,7,4) : 3
(2,5,7,4,6,1,3,8) : 1
(2,6,1,7,5,4,8,3) : 2
(2,1,3,8) : 10
(2,3,8,6,1,4,5,7) : 8
(4,5,1,7,2,6,3,8) : 1
(2,3,5) : 3
(8,2,1,4,5,6,3,7) : 1
(4,7,1) : 7
(6,8,1,5) : 1
(8,6,5) : 1
(6,4,5) : 6
(1,2,6,7,3,8) : 1
(7,6,3) : 3
(3,6,7,1) : 1
(3,6,2,4,5,8) : 1
(7,4,1,5,6,3,8,2) : 1
(7,5,3) : 1
(4,5,3,2,6) : 3
(2,1,4,7,5,6,8,3) : 1
(2,7,4,5) : 1
(2,1,6,8) : 8
(5,4,7,6,1,8,3,2) : 2
(6,1,5,3) : 1
(2,6) : 141
(4,5,3,6) : 4
(5,4,2,1,6,3,8,7) : 1
(2,8,4,5,3,6,1,7) : 1
(4,8,2,6) : 1
(1,4,6,5) : 7
(2,3,4,5,8,1,6,7) : 2
(3,8,5,1,2) : 1
(7,4) : 20
(5,2,7) : 2
(1,6,4,5,8,7,2,3) : 1
(2,1,6,7,8,3,4,5) : 1
(6,1,2,8,7,5,4,3) : 1
(2,8,1,3,4,5,6,7) : 1
(2,4,3,5,8,6,7,1) : 1
(2,6,8,3,1,7,5,4) : 2
(5,7,4,2) : 1
(2,3,1,6,8,5,4,7) : 1
(2,7,1,6,5) : 1
(1,5,4,7,6,2) : 2
(6,8,3) : 15
(4,6,2,1,5) : 1
(3,8,2,4) : 2
(3,2,5,1,6) : 1
(3,4,5,8,1) : 1
(1,2,6,8,3,4,5,7) : 2
(7,8) : 1
(2,8,1) : 6
(2,1,3,6) : 12
(6,5,4,3,2,8,1,7) : 1
(7,1) : 97
(2,3,8,1,6,7,4,5) : 1
(4,1,8,2,5,6) : 1
(7,5,1,6,4,2,8,3) : 1
(5,4,2,1,6) : 2
(6,4,3,2,8,1,7,5) : 1
(4,2,6,3) : 1
(2,7,1,6) : 8
(6,5,4,1) : 9
(1,5,4,6,7,8,2,3) : 1
(4,1,3,8,5) : 1
(1,8,7,6,2) : 1
(6,3) : 15
(6,8,1,2,3,5,4) : 1
(4,8,5,1,2,3,6) : 1
(5,4,3,2) : 3
(3,8,1,2,6) : 1
(5,1,3,6) : 1
(2,3,8,4,1,5,6,7) : 1
(5,6,3,4) : 1
(8,6,2) : 6
(6,8,3,1) : 5
(6,1,4,3,2,8,7,5) : 1
(5,4,6,1,3,8,2) : 1
(3,4,2) : 1
(2,6,8,5) : 1
(6,4,5,1,3,8,2,7) : 1
(3,8,6,4,5,1) : 1
(4,5,2,1,6) : 3
(3,2,8,4,1,6,5,7) : 1
(7,2,1,6,3) : 1
(5,4,7,8,6,1,2) : 1
(2,8,4,5,1,6,3,7) : 1
(5,3,4,8,6,1,2,7) : 1
(4,6,1,2,5,8,3,7) : 1
(2,3,8,4,5) : 1
(7,2,1,4,5) : 1
(5,1,2,3) : 1
(2,5,8,6,3,4,1,7) : 1
(4,2,6,1,7,5) : 1
(2,1,5,6,3,4) : 1
(2,7,1) : 30
(4,5,7,1,6,3,8) : 1
(4,5,3,6,1) : 1
(7,6) : 34
(1,6,4,7) : 1
(2,1,8,6,3,4,5,7) : 1
(4,5,6,1,3,2,7,8) : 1
(2,6,1,4,5,8,3,7) : 1
(5,4,2,1,3,8,6,7) : 1
(4,1,8,5,6) : 1
(2,8,6,1,3,4,5,7) : 1
(3,2,4,5,8,1,6) : 1
(2,1,6,5,4,8,3) : 1
(3,6,2,8) : 4
(6,2,4,7) : 1
(3,6,2,1,8) : 2
(2,3,4,1,5,6,8,7) : 1
(1,4,6,7) : 3
(5,1,2) : 4
(1,4,5,6,7,2,8,3) : 1
(3,4,5,1,8,2,7,6) : 1
(6,3,2,1) : 2
(7,6,2,3,8) : 1
(6,1,3,4,5,8) : 1
(4,1,8) : 1
(3,8,2,1,6,4,5,7) : 1
(1,6,5,2) : 1
(6,8) : 12
(4,3,1,5,6) : 1
(2,7,6,4,5,8,1,3) : 1
(2,3,6,8,4,1,5,7) : 2
(1,8,7,3,4,6,2,5) : 1
(4,5,2,6,8,1,7,3) : 2
(2,1,4,6,8,3,5,7) : 1
(6,1,8,2,3,4,5,7) : 1
(1,6,3,2,8) : 1
(8,7,2,4) : 1
(2,1,5,4) : 4
(8,6,5,2) : 1
(2,3,4,6,8,7,1) : 1
(2,8,3,6,1,7,5,4) : 1
(5,4,3,8,1,2,6,7) : 1
(1,5,6,4,7) : 1
(4,5,8,7,3,6,1,2) : 1
(2,3,4,1,5,8,6,7) : 1
(2,7,1,6,5,4) : 1
(2,1,3,8,4,6,7,5) : 1
(4,5,1,6,2,8,7,3) : 3
(6,1,2,4) : 1
(2,3,4,5,7,8,1,6) : 1
(4,6,1) : 6
(5,4,8,3,2) : 1
(2,1,3,8,4,5,6,7) : 2
(8,2,3,4,6,5,1,7) : 1
(2,1,4,5,7,6,8,3) : 1
(1,4,5,6,2,7,8,3) : 1
(1,5,6,7,4) : 1
(5,2) : 14
(5,4,7,1) : 3
(4,1,2,8,5,3,6,7) : 1
(4,5,1,2,8,6,3,7) : 1
(1,6,8,3,2,7,5,4) : 1
(6,1,2,7,5,4,8,3) : 1
(4,1,3,5,8,7,2,6) : 1
(3,5,7) : 1
(4,3,2,6) : 1
(5,6) : 14
(2,3,4) : 7
(2,1,8,6,3,4,5) : 1
(4,6,5,3,2,1,8,7) : 1
(1,2,3,4) : 1
(6,7,1,4,2,3,5,8) : 1
(2,4,5,6,1,8,3,7) : 1
(8,6,2,7) : 1
(2,7,6,5) : 1
(4,5,1,6,7,8,2,3) : 1
(3,4,6,8) : 1
(5,4,1,7,6,8,2,3) : 1
(6,8,4,5,2,3,1,7) : 1
(8,4) : 1
(1,7,6,4,5) : 2
(3,8,7,2,1,4,5,6) : 1
(2,7,8,3,5,4,1,6) : 1
(4,5,2,3,1,7,8,6) : 1
(3,1,6,2) : 3
(2,6,1,7,3) : 1
(5,1,7,6,2,3,8,4) : 1
(6,5,4,2,1,3,8,7) : 1
(2,6,1,4,8,5,3) : 1
(4,5,3,1,7,8,6,2) : 1
(6,4,5,1,2,7) : 1
(7,4,2) : 3
(4,2,8,5,1,6,7,3) : 1
(1,4,6,5,2,7,3,8) : 1
(5,4,3) : 13
(8,4,2) : 1
(3,5,8,2,1,4,6,7) : 1
(2,3,1,4,6,5,8,7) : 1
(2,4,1,7) : 1
(2,1,3,4,5,7,8,6) : 1
(6,7,1,4,5) : 1
(4,5,8) : 13
(2,8,1,6) : 4
(2,4,6,1,7,3,5,8) : 1
(2,6,1,8) : 5
(5,4,1,7,6) : 3
(4,7,5,1) : 1
(3,2,1,5) : 1
(1,4,5,7) : 6
(5,4,1,7) : 6
(6,1,2,3,8) : 1
(3,4,5,6) : 1
(1,3,2,5,8,6,4) : 1
(2,4,5,1,3,6,7,8) : 1
(6,5,4,1,2,3,8,7) : 1
(7,1,4,5) : 13
(4,6,2,1,8) : 1
(1,7,2,4,5,6,8,3) : 1
(4,5,1,3,2,6,8,7) : 2
(5,4,1,6,8,3) : 1
(4,3,6,8,5) : 1
(6,7,4,5) : 1
(6,8,3,4,5,2,1,7) : 1
(6,5,4,3) : 1
(4,1,6,8) : 1
(2,7,3) : 4
(2,1,4,5,6) : 1
(2,1,6,8,3,4,5,7) : 3
(7,1,5) : 5
(4,2,5,1,3,6,8,7) : 1
(5,3,4,1,8,2,6,7) : 1
(4,5,1,7,6,3,8,2) : 1
(4,5,2,1,3,6,7,8) : 1
(7,5,1,4,6) : 1
(4,1,5) : 22
(3,2,4,5,8) : 1
(8,2,6,3) : 1
(5,4,2,1,6,7,8,3) : 1
(6,1,4,5,2,7,8,3) : 1
(2,1,4,5,6,3,7,8) : 2
(7,4,1,5,6,8,2,3) : 1
(5,4,6,8,1) : 2
(5,4,2,1,8,6,3,7) : 1
(2,1,5,4,6) : 1
(6,1,8,3,4,5,2,7) : 1
(1,2,4,5,3,6,7,8) : 1
(1,8,5,2,3,6) : 1
(3,8,6,5) : 1
(4,5,6,7,8,3,1,2) : 2
(2,8,3,1,4,6,5,7) : 1
(3,2,7,8,6,1) : 1
(5,6,4,1,2) : 1
(4,3,5,6) : 3
(6,7,1,4) : 2
(6,1,8,4,2) : 1
(1,6,2,4) : 2
(3,6,2,1,8,7,5,4) : 1
(6,3,4,8,7,5,1,2) : 1
(7,1,2,3,4,5,6,8) : 1
(4,5,8,7,6,3,2,1) : 1
(7,6,4,1) : 1
(1,2,7,6) : 9
(2,6,3,1,4,5,7,8) : 1
(5,6,2,1,7) : 1
(2,3,4,6) : 1
(2,6,3,1) : 11
(6,3,8,2) : 1
(6,1,2,8,5) : 1
(4,3,5,6,1) : 1
(2,6,3,8,1,5,4,7) : 1
(2,7,5) : 1
(7,4,2,5) : 1
(2,1,8,7) : 1
(6,2,3,8,1,7,4,5) : 1
(2,3,5,8,6) : 1
(1,2,5,4,6,7) : 1
(7,5,4,6,2,1,3,8) : 1
(5,4,3,2,1,6) : 1
(6,2,1,3,8,7,4,5) : 1
(7,5,1,6,4,8,3,2) : 1
(2,6,3,7) : 2
(5,2,3,4,8) : 1
(2,1,4,6,3,5) : 1
(5,7,6) : 1
(3,1,2,4,5) : 1
(6,2,3,1,8,5,4,7) : 1
(3,6) : 18
(1,4,2,7,5,6,8,3) : 1
(4,5,3,8,6,7,1,2) : 1
(2,3,1,6,8,4,5,7) : 1
(4,5,6,3,8,1) : 1
(1,3,2,6,8) : 1
(5,4,3,1,8,2,6,7) : 1
(3,2,6,4,5) : 1
(1,5,4,6,2,8,3,7) : 1
(5,8,3,2) : 1
(4,2,5) : 16
(1,6,2,3,7,4,5,8) : 1
(1,5,4,6,2) : 2
(7,1,6,2) : 2
(5,4,1,7,2) : 2
(6,3,8,1,5,4,2,7) : 1
(1,6,7,3,8,2,4,5) : 1
(5,6,4,3,8,1,2,7) : 1
(2,1,6,3,8,4,5,7) : 2
(3,2,4,1,5,6,8,7) : 1
(7,3,6) : 1
(2,1,6,3,8,7,5,4) : 1
(1,8,2,4,5,6) : 1
(2,6,7,1,3,8,4,5) : 1
(5,1,2,6) : 1
(6,1,3,4) : 2
(1,3,5,6) : 1
(5,4,3,6,8,1,7,2) : 1
(2,6,3,8,1,5) : 1
(6,4,5,8,7,1,2,3) : 1
(1,2,4) : 12
(7,1,4,5,6) : 1
(6,7,4,1,2) : 1
(2,6,4,5,7) : 1
(1,3,8,6) : 1
(4,3,5,1) : 1
(2,5,6,7,1,8,3,4) : 1
(5,6,4,1) : 1
(7,1,2,6,8,5,4,3) : 1
(4,6,1,7,5) : 1
(2,8,1,3,6,4,5,7) : 2
(2,6,1,3,5) : 1
(6,3,8,4,5) : 1
(2,4,5,1,3,6,8,7) : 2
(4,1,5,6) : 9
(1,2,6,3,7) : 2
(4,2,3,8,5) : 1
(2,5,7,4) : 2
(8,4,5,3,1,6) : 1
(8,6,2,3) : 1
(2,6,8,3,1,4,7,5) : 1
(4,2,3,5,1,7,8,6) : 1
(1,4,6,5,3,8,7,2) : 1
(5,4,8,6,3,2,7,1) : 1
(4,5,2,1,7) : 1
(2,3,8,4,5,1,7,6) : 1
(7,6,1,4,5,2,8,3) : 1
(7,1,2,4,5,8,6,3) : 1
(8,3,1) : 1
(5,4,1,7,6,2) : 1
(3,6,2,8,1,4,5,7) : 1
(5,4,6,1,7,3,8,2) : 1
(6,1,4,5,8) : 1
(3,4,6,8,1) : 1
(3,8,2,1,4,6,7) : 1
(4,8,3,1,5) : 1
(2,4,5) : 46
(6,2,4,3) : 1
(7,5,1,2) : 1
(2,1,7,6,4,5,8,3) : 3
(6,3,2,4,5,8) : 1
(3,1,6,8,4,5,2,7) : 1
(8,6,3) : 7
(7,1,5,6) : 3
(3,8,4) : 1
(6,8,3,1,4,2,5) : 1
(5,4,3,1,6,8,2,7) : 1
(4,5,2,3,6,1) : 1
(6,1,8,2,3,7,4,5) : 1
(3,5) : 5
(3,2) : 19
(2,8,7,1,6) : 1
(2,4,5,7) : 5
(7,1,6,5,4,2,8,3) : 1
(1,2,4,5,6,7) : 1
(6,4,8,3,1,2,5,7) : 1
(5,4,2,3,6) : 1
(1,2,6,3,7,8,5,4) : 1
(6,1,8,2,4,5,3,7) : 1
(1,6,2,5,4,8,3,7) : 1
(4,5,7,8,6,3,2,1) : 1
(8,1,7,2,3,6) : 1
(4,3,5,6,8,1,2,7) : 1
(1,7,4,5) : 7
(5,4,1) : 43
(2,1,4,7) : 5
(4,2,5,1,7,6,3,8) : 1
(2,5,1,4,7,6) : 1
(7,6,3,4) : 1
(4,6,2,1,7) : 1
(7,1,2) : 30
(6,3,8,1,7,2,4,5) : 1
(3,2,6,8,1,4,5,7) : 1
(8,1,5) : 1
(6,2,5,4,1,8,3,7) : 1
(2,3,4,5,1,6,7,8) : 3
(2,1,7,5,4,6,8,3) : 1
(3,2,8,6,1) : 1
(1,4,6,2) : 3
(1,5,2) : 4
(3,2,5,4) : 1
(8,1,4,6) : 1
(1,6,3,8,7,2,4,5) : 1
(1,6,2,8,3,7,4,5) : 1
(1,5) : 8
(2,4,6,1,5,3,7,8) : 1
(4,2,6,7) : 1
(1,4,5,6,3,2) : 1
(4,5,3,8,1,7,2,6) : 1
(2,3,6,1,8,7,5,4) : 1
(7,3,2,5) : 1
(8,4,5,6) : 1
(4,2,1,6,7,3,8,5) : 1
(8,3,5) : 1
(6,4,8) : 1
(1,6,8,5,4) : 1
(4,1,6,7,5,3,8,2) : 1
(2,7,1,3) : 1
(4,5,2,8,6) : 1
(1,4,5) : 28
(4,5,6,1,8,3,7,2) : 1
(6,7,1,2) : 1
(1,7,6,5,4,2,8,3) : 1
(2,5,3,1) : 1
(2,1,8,7,6,3,4,5) : 1
(8,2,3,1,6,5,4) : 1
(6,5) : 4
(4,5,1,8,6,2,7,3) : 1
(5,2,4,1,6) : 1
(2,6,8,1) : 5
(4,7,6) : 3
(2,6,1,8,7,3,5,4) : 1
(2,6,7,1,5,3,4,8) : 1
(8,6,4) : 2
(6,1,2,3) : 3
(3,4,5,1) : 1
(2,8,1,5,4,6,3) : 1
(1,8,2,6) : 1
(5,4,2,1,6,8,3,7) : 2
(2,1,4,3,8,6) : 1
(5,4,1,2,6,3,8,7) : 1
(5,4,1,2,6,7,8,3) : 2
(6,4,5,7,1,2,8,3) : 1
(6,2,3,7) : 1
(2,1,8,4,5,6,3,7) : 1
(1,6,8,4,7,5,2,3) : 1
(5,6,3) : 2
(5,4,6,1,2,3,8,7) : 3
(6,3,2) : 6
(2,5,8,1,6,4,3,7) : 1
(4,5,1,2,8,6,3) : 1
(1,4,2,3) : 1
(1,2,4,5,8,7,6,3) : 1
(1,6,4,3,2,8,7,5) : 2
(2,3,5,4,8,1,6,7) : 1
(1,2,8,3,6,4,5,7) : 1
(4,6,8,2) : 1
(5,3,2) : 1
(4,3,2) : 3
(2,1,4,3,5,6,7,8) : 1
(1,2,5,4) : 1
(3,8) : 16
(2,4,3,1,5) : 1
(3,4,5,6,1,2,8) : 1
(5,7,4,1,2,3,6,8) : 1
(3,2,1,4,5) : 1
(6,2,8,4,5,7,1) : 1
(3,1,6) : 5
(2,7,5,4,1,3,8) : 1
(6,7,1,4,5,2,8,3) : 1
(4,5,7,8,2,1,6,3) : 1
(3,8,7,2,1,6,4,5) : 1
(3,4,2,1) : 1
(2,3,8,7,5,4,1,6) : 1
(3,4,5,2) : 1
(7,1,6,5) : 4
(6,7,4) : 2
(1,8,7,6,3,2,5,4) : 1
(6,4,7,2) : 1
(6,1,5) : 7
(7,4,5,6,1) : 1
(5,2,1,4) : 2
(4,5,7,6,1) : 1
(2,3,4,5,1) : 2
(4,5,2,3,8,1,6,7) : 1
(2,3,1,4,8) : 1
(3,4,5,6,8) : 1
(2,6,5,4) : 3
(2,1,6,8,7,3,4,5) : 2
(2,3,1,6,7,8,4,5) : 1
(7,8,2,4) : 1
(1,7,2) : 8
(6,1,3) : 7
(1,8,2,4,6) : 1
(7,6,5,4,1) : 1
(1,2,3,4,5,6,8,7) : 1
(2,6,8,1,3,4,5,7) : 2
(5,4,1,6,7) : 1
(1,2,5,6) : 2
(8,2,4,5,1,3,6,7) : 1
(1,3,5) : 1
(2,8,3,1,6,7,4,5) : 2
(6,1,4,5,2,3,8,7) : 1
(5,4,3,1) : 1
(4,1,6,3) : 2
(1,4,6,3) : 1
(7,2,1,8,3) : 1
(7,4,3) : 1
(7,3,6,1,4,5,8,2) : 1
(6,8,3,2) : 2
(2,3,8,6,5,4,7,1) : 1
(8,4,5) : 1
(4,8) : 1
(5,1,4,6) : 1
(1,7,6,8,5,4) : 1
(6,8,2,1,3) : 1
(1,4,5,2,7) : 1
(2,7,4,1,6,5,8,3) : 1
(2,4,1) : 11
(2) : 647
(2,1,6,7,8,3,5,4) : 1
(7,6,5,4,3,1,2,8) : 1
(4,5,7,1,2,3,6,8) : 1
(4,6,1,3) : 1
(1,4,3) : 2
(8,6,1) : 4
(4,5,7,1,6) : 3
(3,6,4,5,2,1,8,7) : 1
(4,5,3,2,1,6,8,7) : 1
(4,5,8,1,6,2,7,3) : 1
(4,8,2) : 1
(2,8,6,3,7,1,4,5) : 1
(3,6,7,8) : 1
(2,1,7,6,4,5,3,8) : 1
(2,1,6,7,3,4,5,8) : 1
(2,1,7,4,8,5,6,3) : 1
(4,5,6,1,8,2,7,3) : 1
(6,7,1,4,5,2,3,8) : 1
(4,5,2,1,6,3,8,7) : 1
(5,2,6,4) : 1
(6,8,1,3,4) : 1
(1,2,6,5) : 2
(4,5,7,6,3,1,8,2) : 1
(4,6,8,5) : 2
(4,5,7,6,2,3,1,8) : 2
(4,5,8,2) : 2
(2,3) : 89
(4,5,3,8) : 6
(2,5,4,1,6,3,7,8) : 1
(6,3,2,8,1,4,5) : 1
(2,6,7,4,5,1,8,3) : 1
(6,1,2) : 24
(7,2,1,3) : 1
(3,4,5) : 12
(4,2,1,3,5,6,8,7) : 1
(5,4,6,2) : 4
(2,3,6,8,1,4,5,7) : 3
(4,5,6,2) : 11
(2,3,7,8,6) : 1
(7,1,2,6,3,5,4,8) : 1
(1,4,6) : 14
(4,5,6,3,2,7,8,1) : 1
(1,7,6,4) : 3
(2,8,3,4,7,1,6,5) : 1
(2,6,4,5,7,8,3,1) : 1
(2,6,7,8,3,1,4,5) : 1
(6,1,4,7,3,5,8,2) : 1
(5,4,6,8) : 2
(4,5,7,1,6,8) : 1
(2,4,3,1,8,5,6,7) : 1
(4,5,6,1,7,8,2,3) : 1
(6,2,3,4,5,1,8,7) : 1
(4,5,2,6,7,1,3,8) : 1
(3,6,4,5,1,8) : 1
(3,2,4,5,8,1,6,7) : 1
(5,1,4) : 5
(7,1,6,3,8,2,4,5) : 2
(2,1,4,5,6,7,8,3) : 4
(2,5,4) : 12
(6,5,4,1,2,8,3,7) : 1
(2,6,1,4) : 3
(8,2,3,1) : 1
(4,5,6,1,3,8) : 1
(2,8,4,3) : 2
(2,1,3,8,4,5) : 1
(2,4,3,1,5,6,7,8) : 1
(4,5,7,2) : 2
(5,4,3,1,2,8,7,6) : 1
(4,5,6,8,3,1,2,7) : 1
(3,5,4,8,7,6) : 1
(3,8,5,1,2,6,4,7) : 1
(2,1,8,6) : 5
(5,7,1,6,4) : 1
(2,6,5,1) : 1
(6,1,2,5,4,8,3,7) : 1
(6,1,5,4,7,2) : 1
(4,5,1,6,3,2,8,7) : 1
(1,7,5) : 1
(4,5,2,1,3,6,8,7) : 1
(6,8,1,4,5) : 1
(5,2,1) : 3
(1,4,5,6,2,8,7,3) : 1
(6,3,1,8,4,5,2,7) : 1
(2,1,3,4,6,8,5) : 1
(4,7,2,5) : 1
(8,6,2,1,7,5,4,3) : 1
(2,3,6,8,1,5,4,7) : 2
(6,5,4,3,2,1,8,7) : 1
(7,4,5,6) : 3
(4,2,5,7) : 1
(3,8,1,7,4,5,6,2) : 1
(6,2,4,8) : 1
(4,5,1,3,6) : 2
(1,7,4,2,6,8,5,3) : 1
(2,1,4,5,7,6) : 1
(1,8,6) : 2
(4,6,7) : 1
(3,2,6,1,4,5) : 1
(2,7,6) : 11
(6,1,2,4,5,3) : 1
(2,1,8,3) : 2
(4,7,2,3) : 1
(2,5,4,1,6,8,7,3) : 1
(6,8,2,3,4,5) : 1
(3,2,1,6,8,7) : 1
(2,1,4,7,6,8) : 1
(6,1,2,4,5,3,8,7) : 1
(8,2) : 4
(4,8,7,6,5,3,1,2) : 1
(6,1,8,4,3,5) : 1
(7,4,1,5,6) : 1
(5,2,4,7,1,6,8,3) : 1
(2,1,3,6,5,4,7,8) : 1
(4,5,1,3,2,6) : 1
(3,7,6) : 2
(3,2,6,4,5,1,7,8) : 1
(6,2,1,3,7) : 1
(4,5,3,2) : 2
(7,4,1,5) : 1
(6,8,1,2) : 5
(2,7) : 49
(2,1,6,8,4,5) : 1
(7,5) : 13
(3,8,2,6,1,7,4,5) : 1
(1,2,6,4,5,3,7,8) : 2
(5,4,6,1,2,8,3,7) : 1
(1,4,2) : 4
(4,3,8,6) : 2
(6,7,2,1,4,5,3,8) : 1
(1,2,6,3,8) : 1
(4,5,2,7,1,8,3,6) : 1
(2,1,4) : 24
(2,6,1,4,5,3,7,8) : 1
(7,6,4,5,2,1) : 1
(3,1,4,5,2,8,6,7) : 1
(4,6,1,7,5,2,8,3) : 1
(7,1,5,4) : 5
(6,2,8) : 8
(2,4,5,1,6,3,7,8) : 1
(5,4,1,2,6,8,3,7) : 2
(2,4,5,8) : 4
(6,1,3,4,2,5,7,8) : 1
(1,2,6,5,4,7,8,3) : 1
(4,7,1,8) : 1
(1,6,7,4) : 2
(4,5,6,3,2,1,8) : 1
(2,7,6,1,4,5,8,3) : 1
(3,2,5,1) : 1
(5,6,1,3,4,8,2,7) : 1
(5,6,4) : 6
(2,4,8) : 2
(4,1,6) : 11
(4,5,1,7,2) : 1
(6,2,4,5) : 2
(2,1,3,6,8,7,4,5) : 2
(1,4,6,5,3) : 1
(4,2,8,3) : 1
(6,2,3,1) : 3
(1,6,5,4,2,7) : 1
(3,6,4,5) : 2
(3,8,6,4,1,5,2,7) : 1
(2,8,6) : 19
(4,3,2,1,5) : 1
(2,3,7,8) : 1
(4,2,7,1) : 2
(4,5,2,3,7) : 1
(4,2,5,1,6,3,8,7) : 1
(4,6,5,1) : 5
(7,6,1,4) : 2
(1,7,3,4,2,8,6,5) : 1
(6,4,5,2,1,7,8,3) : 1
(3,6,2,1) : 4
(4,5,1,3,8) : 1
(2,3,6,4,5,7,8,1) : 1
(4,5,6,2,3,1,7,8) : 1
(4,7,5,2) : 1
(3,6,1) : 4
(6,5,2,1,4) : 1
(5,2,6,4,1,7,8,3) : 1
(2,6,3,8) : 9
(4,5,3,8,1) : 1
(4,5,3,8,2) : 1
(3,8,6,1) : 1
(1,4,5,7,2) : 1
(5,1,7) : 2
(2,6,7,1,5,4,8,3) : 1
(4,1,5,2) : 2
(1,6,8,2,5,4,3) : 1
(4,5,7,1,2) : 1
(5,4,2,7,1,3,8,6) : 1
(4,2,6,1,5,7,3,8) : 1
(1,6,4,2) : 3
(4,1,5,2,3,8,6,7) : 1
(2,6,1,3,5,4,8,7) : 1
(2,4,6,5,7,1,3,8) : 1
(6,1,2,4,5,7,3,8) : 1
(1,6,8,3) : 4
(2,4,1,5) : 4
(3,1,2,8,6) : 1
(4,5,2,1,8,7,6,3) : 3
(6,1,8,5,4,3,7,2) : 1
(4,5,6,7,8,1,3,2) : 1
(4,5,3,6,8,2,1) : 1
(1,2,6,5,4) : 1
(4,6,5,2,1) : 1
(4,7,6,5) : 1
(1,2,6,3,8,4,5,7) : 1
(2,1,8,6,7,5,4,3) : 1
(2,1,3,4,5,6,8,7) : 3
(8,1,3,2) : 1
(4,6,2) : 2
(1,4,5,7,6) : 3
(7,2,1,6,3,4,5,8) : 1
(8,1,4,5,6,3,2,7) : 1
(3,6,8,1,5,4,7,2) : 1
(1,6,4,5,2,7,3,8) : 1
(7,8,1) : 1
(6,3,8,1) : 3
(1,4,5,6,7) : 2
(1,6,4) : 11
(2,1) : 66
(2,6,3,1,8,4,5,7) : 1
(7,5,4,1) : 5
(5,7,4,8) : 1
(2,6,8,1,7,3,4,5) : 1
(1,4,5,8,7,3,2,6) : 1
(4,7,6,5,1) : 1
(7,2,3,1) : 4
(4,5,7,1) : 23
(4,6,1,8,3,2,7,5) : 1
(4,5,2,6) : 12
(5,8,6,1,3,2,4,7) : 1
(2,6,8,7) : 1
(4,2,1,3,5,7) : 1
(1,7) : 55
(6,1,4,2,3,7,8,5) : 1
(5,4,6,7,8,3,2,1) : 1
(6,1,8,2) : 2
(2,4,8,3,6,5,1,7) : 1
(4,5,1,2,3,6,8,7) : 4
(6,8,2,1,4) : 1
(6,8,4,5) : 1
(6,1,4,2) : 3
(2,1,7,8,4,5,6,3) : 1
(1,5,4) : 17
(4,1,2,6,3,8,7,5) : 1
(2,1,4,5,8,3,6,7) : 1
(3,8,2) : 11
(1,7,2,3,8) : 1
(6,3,5,1,4,8,2,7) : 1
(3,2,1,4,6) : 1
(1,8,7,6) : 1
(2,6,3,1,7) : 1
(1,7,2,4,6) : 1
(7,6,2,1) : 3
(4,5,7,1,3,8,6) : 1
(1,8,3,6,4) : 1
(2,6,8,3,1,4,5,7) : 1
(6,4) : 9
(1,7,3) : 1
(2,3,6,1,8,7,4,5) : 2
(5,4,6,3,2,8,7,1) : 1
(5,8,6) : 1
(4,5,3,1,2) : 1
(2,3,8,6,1,7) : 1
(6,2,4,1) : 1
(4,6,1,5,8,2) : 1
(2,1,7,8) : 2
(7,5,1,4) : 4
(1,2,7,6,8,3) : 1
(4,5,1,7,8,6,3,2) : 1
(5,2,3,1,4,6,8,7) : 1
(6,5,4,2,1,8,3,7) : 1
(1,4,2,6,8,3,7,5) : 1
(1,6,8,2,5,4,3,7) : 1
(2,3,6,8,1) : 3
(1,7,6,4,5,2,3,8) : 1
(5,4,1,8,7,6,3,2) : 1
(2,5,1) : 8
(4,5,6,1,2,3) : 1
(2,1,5,6,4,7) : 2
(4,2,7) : 3
(5,4) : 222
(1,2,4,5,6,7,3,8) : 1
(5,4,1,3) : 1
(4,5,2,8,7,1,3,6) : 1
(4,5,1,2,6,7,8,3) : 1
(4,3,2,1) : 2
(3,4,5,6,8,1,7,2) : 1
(3,6,4,5,2,1,7,8) : 1
(7,1,2,4,5,3,8,6) : 1
(3,7,5,4) : 1
(5,4,6,1,7,8,2,3) : 1
(2,1,3,4) : 2
(2,6,4,5) : 8
(7,2,4,6,1) : 1
(4,5,1,8,7,3,2,6) : 1
(3,4,8) : 1
(3,4,6,5,8,1,2,7) : 1
(2,5,6,4,7,1,8,3) : 1
(7) : 358
(2,6,8,3,1) : 5
(2,8,1,6,4,5,3,7) : 1
(1,2,3,6) : 3
(4,1,7,5) : 1
(2,4,8,5,7,1,6,3) : 1
(3,1) : 10
(2,4,5,3) : 5
(6,3,2,8,1,7,5,4) : 1
(2,7,1,6,8,3,4,5) : 1
(5,4,2,6,1,7,3,8) : 1
(2,1,3,8,6) : 1
(2,1,4,5,6,3,8,7) : 3
(4,5,7,1,3) : 1
(4,5,8,1,3,6,2,7) : 1
(2,3,8,1) : 2
(2,8,3,6,1,4,7) : 1
(7,1,2,5,8) : 1
(2,6,1,4,5,7,8,3) : 1
(1,4,7,5,2,6,8,3) : 1
(2,4,5,6,7,8,3) : 1
(7,2,1,6,3,8,4,5) : 1
(8,5,6) : 1
(2,1,3,4,7,5) : 1
(2,5,8,1,3,4,6) : 1
(4,7,2) : 1
(4,5,1,3,2,6,7,8) : 1
(2,1,5,4,7,6,8,3) : 1
(7,1,5,4,6,8,2,3) : 1
(8,2,3) : 2
(5,2,3,4) : 1
(1,6,5,4,8,7,2,3) : 1
(1,6,7,4,5,2,3,8) : 1
(4,5,8,2,1,6,7,3) : 1
(1,4,8,6,3) : 1
(1,3,2,5,4,6,8,7) : 1
(6,1,4,5,2) : 2
(1,5,4,7) : 3
(2,1,6,3,8,7,4,5) : 1
(2,6,3,8,1,7,4,5) : 1
(3,1,6,7,2,5,4,8) : 1
(5,4,2) : 24
(8,1,2,3,4,5,6,7) : 1
(4,5,6,1,2,3,7,8) : 2
(7,2,6,1) : 5
(4,5,3,6,2,8,1,7) : 1
(4,2,1,6,7,8,3,5) : 1
(6,1,4) : 8
(4,5,6) : 81
(6,1,5,7,2,3) : 1
(4,2,5,8,1,7,6,3) : 1
(8,6,3,2,1,4,5,7) : 1
(2,1,6,4,5) : 2
(3,4,5,2,8,1,6,7) : 1
(2,1,6,5) : 4
(1,6,4,5,2,8,3,7) : 2
(2,1,6,7,4,5) : 1
(1,7,6,2,4) : 1
(6,1,8,3,2) : 1
(2,3,6,1,8) : 2
(2,3,5,6) : 2
(1,6,8,2,3) : 1
(2,4,1,6) : 3
(4,2,3,5) : 1
(1,2,7,4) : 1
(2,1,3,6,4,5,8,7) : 3
(1,7,6,3,4,5,8,2) : 1
(4,5,2,8) : 4
(1,2,4,5) : 5
(1,6,8) : 6
(7,5,4) : 16
(1) : 195
(1,7,3,6,2,4,5,8) : 1
(2,1,3,6,8,4,7,5) : 1
(7,4,6,1) : 1
(3,8,5,4,2,1,6,7) : 1
(8,2,6,4,5,7,1,3) : 1
(1,5,4,3,6,2,7,8) : 1
(4,8,1,5) : 1
(1,7,6,3) : 1
(2,3,1,4,5,6,7,8) : 1
(1,5,4,6,2,7,8,3) : 1
(2,1,5,6,4,8,3,7) : 1
(6,5,1,4,2,8,7,3) : 1
(2,1,3,6,7,4) : 1
(2,8,6,4) : 1
(3,7,8) : 1
(2,1,3,4,5,6,7,8) : 2
(1,8,3,4,5,7,2,6) : 1
(4,5,2,8,3,6,1) : 1
(3,8,6) : 15
(4,5,2,1) : 25
(4,6,1,2,5,7,3,8) : 1
(2,4,5,3,6,8) : 1
(4,5,1,3,7,6,2,8) : 1
(4,7) : 14
(5,6,4,7,1,2,3,8) : 1
(2,1,6) : 71
(2,3,6,8,1,7,4,5) : 1
(6,8,2,3,1,5,4,7) : 1
(5,2,4,6,8,7,1,3) : 1
(4,5,2,3) : 14
(4,5,6,1,3,2,8,7) : 1
(5,4,6,1) : 14
(1,5,4,2) : 4
(3,1,4) : 1
(7,2,1,3,8,4,5,6) : 1
(4,8,1,2) : 1
(4,8,5,3,6,1,7,2) : 1
(6,3,8,2,1) : 3
(2,6,8,3) : 9
(1,6,3) : 11
(6,4,5,3,2) : 1
(6,2,4,5,3,1,8,7) : 1
(6,2,3) : 13
(6,3,1,2,4,5) : 1
(1,5,4,6,3,8,2,7) : 1
(5,3,4) : 3
(2,3,1,6) : 4
(3,2,8) : 9
(2,4,7,5,1) : 1
(3,6,8,7,1,2,4,5) : 1
(7,2,6) : 6
(3,4,5,8) : 2
(1,6,2,4,5) : 1
(2,4,5,7,8,1,3,6) : 1
(1,4,5,6,2,8,3,7) : 1
(2,4,1,3,8) : 1
(1,6,4,5,8,3,7,2) : 1
(2,1,4,5,6,7,3,8) : 2
(7,6,4,5) : 1
(7,3,2,1,8) : 1
(5,6,1,4) : 2
(3,6,2,7) : 1
(3,2,4,5,6,1,8,7) : 1
(2,4,7,1) : 2
(7,1,8,6) : 1
(6,2,1) : 20
(4,6,8,1) : 1
(4,5,6,7,8,3,2,1) : 3
(7,3,5,4) : 1
(5,4,1,8,6,3,7,2) : 1
(2,7,6,4) : 1
(4,5,3,2,6,8,1,7) : 1
(6,4,5,2) : 1
(8) : 33
(6,4,1) : 3
(7,1,4) : 17
(2,3,6,8,7,1,4,5) : 2
(1,2,6,3,4,5) : 2
(2,6,7,1) : 6
(2,6,3,8,1) : 3
(1,5,6) : 4
(5,4,1,2,6) : 2
(4,5,8,6) : 1
(3,8,1,2,6,4,5,7) : 1
(2,3,6,1,4,5,8,7) : 1
(4,5,8,3,1) : 1
(4,1,2,6) : 3
(3,6,1,8) : 2
(6,3,8,5,4,2,1,7) : 1
(7,3,1,5,6) : 1
(2,4,5,1,3,8,7,6) : 1
(7,4,8,2,1,3,5,6) : 1
(6,2,8,3,1,4,5,7) : 2
(4,1,5,7) : 4
(5,8,3,1) : 1
(3,6,7,2) : 1
(5,4,6,1,7,8,3,2) : 1
(6,2,8,3,1,5,4,7) : 2
(4,5,1,3,8,7,2,6) : 1
(4,5,6,8,7,3,2,1) : 1
(7,2,4,1) : 1
(1,8,6,3,4,5,2,7) : 1
(4,5,1) : 102
(4,8,5,2,1,6,7,3) : 1
(7,1,8,3,2,6) : 1
(8,5,1,6) : 1
(7,1,2,3,6,8,4,5) : 1
(4,7,2,1) : 3
(4,6,8,1,5,3,7,2) : 1
(5,6,4,2,1,3,7,8) : 1
(1,2,3) : 6
(2,1,3,7) : 1
(5,7,2) : 3
(4,5,2,1,7,3,6,8) : 1
(4,3,1,6) : 1
(1,6) : 113
(2,7,8,1) : 2
(8,1,3,7,2,6,4,5) : 1
(5,1,4,6,2,8,3,7) : 1
(7,6,8,1,2,3,4,5) : 1
(1,6,7,5) : 1
(7,4,1,3) : 1
(6,8,5,1,2,4,3) : 1
(2,7,3,1) : 2
(4,5,6,2,1) : 1
(5,8,2,1,4,3,7,6) : 1
(1,6,4,3) : 1
(6,7,8,5,4,3,2,1) : 1
(4,3,6,1,2,8,7,5) : 1
(6,7,1,3) : 1
(4,5,6,2,1,7,8,3) : 1
(5,2,1,3,6) : 1
(5,2,7,1) : 1
(2,3,7,1) : 1
(8,3,6,2,4,5,1) : 1
(2,6,7,1,3,8,5,4) : 1
(4,3,5) : 7
(2,1,4,5,3,6,8,7) : 1
(6,8,1,3,2,4,5,7) : 1
(2,8,6,3,1,7,4,5) : 1
(2,1,4,5,3,6,7,8) : 1
(2,1,6,7,8,5,4,3) : 2
(2,3,1,7) : 2
(8,6,4,5) : 1
(3,4,6,5,2,1,7,8) : 1
(2,8,3,1,6,4,5,7) : 1
(2,1,8,3,6,7,5,4) : 1
(8,3,6,2,1) : 2
(3,2,6,4) : 1
(2,3,8,6,1) : 1
(2,6,4,3) : 1
(1,2,7,8,5,4) : 1
(2,5,4,1) : 2
(6,5,4,8) : 1
(6,2,3,8) : 2
(7,6,1,5) : 2
(1,5,2,4) : 2
(8,1,2,6) : 2
(4,3,2,6,8) : 1
(6,1,8) : 7
(5,4,8,6) : 1
(5,4,6) : 36
(1,7,2,4) : 2
(7,1,5,4,6) : 1
(1,6,2,5,4,3,8,7) : 1
(4,5,1,7) : 13
(4,1,2,7) : 1
(4,5,6,7,3,1,8,2) : 1
(6,2,8,1) : 2
(4,5,1,6,7,2,3,8) : 1
(5,8,4) : 1
(4,2,1,3) : 1
(1,6,2,7,4) : 1
(3,8,6,2) : 6
(7,4,1,2,5,6,8,3) : 1
(3,5,4,8) : 1
(7,1,2,4,5) : 1
(2,6,8,4,5,3,1,7) : 1
(8,4,2,5,1,6) : 1
(7,2,1,6,4,5,8,3) : 1
(7,1,4,6) : 3
(1,6,7,4,5,8,2,3) : 2
(5,7,1) : 4
(2,4,6) : 12
(4,5,1,7,2,8,3,6) : 1
(7,2,1,6) : 7
(2,1,6,8,5) : 1
(6,4,5,8,3) : 1
(2,1,6,3,5,4,7,8) : 1
(4,5,6,1,2,3,8,7) : 3
(7,5,4,2,1,6,8,3) : 1
(2,5,1,8,7,3,4,6) : 1
(5,2,6,1) : 1
(2,5,4,6) : 5
(1,7,5,4) : 6
(2,4,5,6,1,8,7,3) : 2
(4,5,2,1,6,8,7,3) : 1
(3,4,2,1,5) : 1
(7,1,5,2) : 1
(7,2,6,5,4) : 1
(4,5,1,7,6,2,8,3) : 1
(2,1,4,3,5,6,8,7) : 1
(4,2,6,3,1) : 1
(7,5,8) : 1
(4,1,2,5) : 2
(1,3,4) : 5
(4,2,5,6) : 3
(5,4,3,8) : 2
(2,6,1,8,5,4,3,7) : 1
(1,4,5,7,6,2,3,8) : 1
(6,8,2,3) : 2
(3,2,1,4,5,6,7,8) : 1
(1,7,5,6,4) : 1
(7,2,1,5,4,8,3,6) : 1
(2,4,1,8) : 1
(3,2,6,1,7,8,4,5) : 2
(5,2,4,6,1,3) : 1
(3,2,6,7,8,1) : 1
(1,6,2,5,4) : 4
(2,5,4,6,7,1) : 1
(1,2,6,4,5,7,8,3) : 1
(5,2,3) : 5
(1,4,5,6,7,8,2,3) : 1
(5,4,2,6,3) : 1
(7,3,4) : 1
(2,3,6,4,5,1,8,7) : 2
(2,5,4,3,1,8,6,7) : 1
(2,8,6,7,3,1,4,5) : 1
(5,4,7,6,1,2,8,3) : 1
(4,2,1,5,6) : 1
(6,2,7,1,8,3,4,5) : 1
(2,3,6,7,5) : 1
(5,1,6,4,2,8,7,3) : 1
(2,3,6,1) : 15
(1,6,4,8) : 1
(6,1,7,2,5,4,3) : 1
(1,4,5,6,7,2,3,8) : 1
(3,2,6,8,1,7,4,5) : 1
(2,3,6,8,5) : 4
(4,5,8,6,2,1) : 1
(2,8,3,7,6,1) : 1
(3,8,6,5,4,1,7,2) : 1
(3,2,6,1) : 2
(5,4,6,1,7) : 1
(7,4,5,1,8,3,2,6) : 1
(8,4,5,3,2,1,6,7) : 1
(5,6,8) : 2
(2,1,5,4,6,8,7,3) : 1
(8,4,5,1,2,6,7,3) : 1
(8,3,2,6) : 3
(5,4,2,3) : 3
(1,6,7,2,5,4,8,3) : 1
(1,6,2,3) : 2
(1,7,8,5,4,3,6,2) : 1
(2,6,8) : 18
(2,8,3) : 11
(1,6,5,4,8,7,3,2) : 1
(3,2,4,1,5,8,6,7) : 1
(3,6,2) : 3
(8,1,3,4,2,5,6,7) : 1
(4,6,5,2) : 3
(5,6,1) : 3
(4,5,8,7,6,1,3,2) : 1
(4,5,3,6,1,2) : 1
(4,5,3,8,6) : 1
(2,3,6,4) : 1
(4,1,6,3,2) : 1
(2,3,4,8,6,5) : 1
(4,3,5,6,2,1,7,8) : 1
(8,6) : 11
(2,8,3,4) : 1
(7,4,6,1,5,3,8,2) : 1
(2,1,4,6) : 4
(1,2,5,4,6,3,8,7) : 1
(7,8,6,2) : 1
(4,5,7,6) : 9
(3,2,6,8) : 11
(2,3,4,5,1,6,8,7) : 1
(6,5,4,8,2,3,1,7) : 1
(6,1,2,5,4) : 1
(2,1,6,4,5,8,3,7) : 1
(4,5,1,8,6) : 2
(6,2,1,8,4,5,3,7) : 1
(3,2,5,4,6) : 1
(1,5,2,6) : 2
(5,4,1,2) : 7
(6,4,2,1) : 2
(2,6,1,5,4,8,3,7) : 2
(1,3,8) : 4
(5,2,3,1) : 1
(3,8,1,4,5,6,7,2) : 1
(4,1,6,2,3,8,5,7) : 1
(7,1,5,4,3,6,8,2) : 1
(2,3,8,4,5,6,1,7) : 1
(1,7,5,3) : 1
(2,3,6,7,1,8,5,4) : 2
(4,3,6) : 5
(7,2,5) : 1
(6,1,8,7,4,5,2,3) : 1
(1,6,5) : 8
(8,6,3,2) : 1
(7,6,1,2) : 5
(2,6,4) : 12
(3,6,8,1,2) : 1
(3,2,1,6) : 4
(1,4,2,5,7,6,3,8) : 1
(7,1,4,6,5,8,2,3) : 1
(7,5,4,3) : 1
(4,5,7,1,6,2,3,8) : 1
(8,2,6) : 4
(2,5,3,6,8,4,1,7) : 1
(4,3,5,2,6,8,1,7) : 1
(2,1,6,7) : 9
(6,2,3,8,1) : 1
(2,5,4,1,6,7,3,8) : 1
(1,7,6,5,4,8,2,3) : 1
(6,1,4,3,2) : 1
(5,1,6,4) : 2
(7,5,4,2,1) : 1
(6,2,8,5) : 1
(5,4,3,1,8,6,7,2) : 1
(6,8,3,2,1) : 1
(1,6,8,7,2,5,4,3) : 1
(4,1,2,3,6,8,5,7) : 1
(2,1,3,6,4,5) : 1
(2,3,6) : 42
(6,5,4,2,1) : 2
(2,5,1,7,4) : 1
(2,1,4,6,5,7) : 1
(2,6,1,5) : 4
(7,2,4,5,1,6) : 1
(3,2,7,6) : 1
(5,4,2,1,6,3) : 1
(2,6,5,4,3,1,8,7) : 2
(7,8,4) : 1
(1,4,5,6,2) : 2
(7,2,1,5,4,6) : 1
(2,6,3) : 24
(6,1,7,5,4,2,8,3) : 1
(3,4,2,8) : 1
(4,5,1,2) : 23
(7,6,5,4,1,2,8,3) : 1
(5,1,6) : 3
(1,6,7,4,5,8,3,2) : 1
(4,7,1,2,5) : 1
(3,7,6,1) : 2
(1,2,6,8,3,4,5) : 1
(2,4,7,1,5,6,8,3) : 1
(2,3,4,5,6) : 1
(1,3,7,6,8,4,5,2) : 1
(7,5,1,6) : 1
(7,1,2,4,5,6,8,3) : 2
(3,8,6,2,5,4,1,7) : 1
(1,8,4,6,5,3,7,2) : 1
(4,1,5,8) : 1
(1,2,8,3,7,6,4,5) : 1
(3,4,6,2) : 1
(1,2,3,8,4,6,5,7) : 1
(7,1,4,2,5,6) : 1
(4,6,2,8,1) : 1
(6,8,2,1) : 2
(7,3,2,1,6,8,4,5) : 1
(2,5,4,3,1,8,6) : 1
(4,5,6,2,1,8,3,7) : 1
(4,5,3) : 27
(2,1,7,8,6) : 1
(1,6,8,2) : 6
(2,7,1,5,3) : 1
(2,3,6,8,7) : 1
(4,6,5,1,3,8,2,7) : 1
(1,6,2,7,5,4,8,3) : 1
(2,4,6,8) : 1
(2,6,1,3,8,7,4,5) : 1
(4,5,2,3,8,1,7,6) : 1
(4,5,2,3,8) : 2
(3,6,1,2) : 1
(4,3,1,2,5) : 1
(1,2,3,7) : 1
(4,3,1) : 2
(1,2,3,6,8) : 1
(4,1,7,6,2,5,3,8) : 1
(2,4,5,1) : 19
(6,8,2) : 4
(5,4,2,6,8) : 3
(1,2,6,4,5) : 1
(2,3,8,6,1,7,5,4) : 1
(1,3,7) : 3
(7,3,1,2,8) : 1
(7,1,4,5,8,6,3,2) : 1
(4,6,5,1,3,2,8,7) : 1
(4,3,8,2,1) : 1
(2,7,6,1) : 2
(6,1,2,8) : 3
(3,1,6,8,5,4,2,7) : 1
(4,2,5,1) : 3
(7,4,1,6,5) : 1
(1,4,2,5) : 1
(1,6,2,7) : 3
(7,8,3,2) : 1
(4,8,2,5,1,3,7,6) : 1
(2,4,5,3,8) : 1
(4,3,5,8,7) : 1
(7,3) : 1
(7,8,3) : 1
(1,5,3,2,4,6,8,7) : 1
(1,5,4,8,6) : 1
(7,6,3,1,5,4,8,2) : 1
(1,2) : 42
(3,8,2,6) : 3
(2,6,1,4,5) : 3
(6,5,8,1,4,3,2,7) : 1
(3,6,8,4,1) : 1
(2,4,7,8) : 1
(4,5,1,6,2,3,8,7) : 1
(2,1,8,3,7,6,5,4) : 1
(4,5,7,1,2,6,8,3) : 2
(6,7,2) : 1
(1,7,6,2,8,4,5,3) : 1
(6,1,5,7) : 1
(5,4,1,6) : 15
(4,5,3,2,1,7,6,8) : 1
(1,2,4,5,6) : 2
(7,4,3,1) : 1
(5,7,1,6) : 1
(5,4,3,6,1) : 1
(6,1,2,8,5,4,3,7) : 1
(2,6,1,3,7,8,4,5) : 1
(4,2,5,1,6,7,3,8) : 1
(2,6,3,4) : 1
(2,6,7,1,4,5,8,3) : 1
(4,5,1,6) : 30
(2,3,1,6,4,5,8,7) : 2
(3,2,1,8,6,7,5,4) : 1
(2,4,5,1,6,8,7,3) : 2
(4,5,1,6,7,2) : 1
(6,5,4,3,8,7,2,1) : 1
(4,5,2,1,6,8,3,7) : 1
(2,1,7,3) : 1
(2,4,6,1) : 7
(3,8,2,1,6) : 2
(8,4,5,2) : 1
(5,4,2,6,1,7,8,3) : 1
(4,5,1,8,2,3,6,7) : 1
(6,3,2,8) : 2
(4,5,1,2,7,6,8,3) : 3
(2,4,5,3,1,6,8,7) : 1
(6,3,8,4) : 1
(2,7,5,4,1,6,3,8) : 1
(5,1) : 8
(3,4,5,6,1,8,2,7) : 1
(2,8,4,5,6) : 2
(1,6,7) : 20
(6,1,8,2,3) : 1
(4,5,1,2,6,3) : 1
(5,3,4,1) : 1
(5,3,6) : 3
(6,2,4,5,7,1,8,3) : 1
(1,4,5,6,8,7,3,2) : 1
(2,5,3) : 3
(1,4,2,5,6,7) : 1
(5,4,3,8,6,2,1,7) : 1
(8,3,2) : 7
(2,4,1,6,5) : 1
(4,5,6,1,8,7) : 1
(8,5,4,2,3,6) : 1
(1,5,6,2) : 1
(4,5,3,1,2,6,8,7) : 4
(4,5,6,3,1,2,7,8) : 1
(2,1,5,4,6,7,8,3) : 1
(6,1,2,4,5,7,8,3) : 2
(2,3,5,8,1,6,7) : 1
(7,1,5,4,6,2,8,3) : 1
(6,2,8,1,3) : 1
(2,1,6,8,3,7,4,5) : 1
(6,1,2,3,7,4,5,8) : 1
(4,1,2,3) : 1
(4,3,8,7,5,6,2,1) : 1
(1,4,5,6) : 26
(1,7,6,4,5,3,2,8) : 1
(1,4,7,6) : 2
(3,2,1) : 5
(6,3,1,8) : 2
(1,3,6,8) : 2
(5,4,2,6) : 2
(8,3,2,1,6) : 1
(7,2,5,1,4,3,6,8) : 1
(4,5,7) : 37
(7,5,2,1) : 2
(5,4,2,1,3,7,8,6) : 1
(2,8,3,6,7,1,5,4) : 1
(7,6,5,4) : 1
(6,2,1,8,4,5,7,3) : 1
(6,7,1,5,4) : 1
(1,2,6,7,5,4,8,3) : 1
(7,1,2,4,5,3,6,8) : 1
(7,2,1,4,5,6,8,3) : 2
(7,2,1,4,5,6) : 1
(5,4,6,8,1,2,3,7) : 1
(2,4,7,3,1,6,8,5) : 1
(4,5,1,6,7,8,3,2) : 4
(4,5,1,6,3,8) : 1
(2,1,6,5,4,7,8,3) : 1
(1,4,7) : 3
(7,4,5,6,1,2,3,8) : 1
(1,2,6,3) : 6
(2,5,7,1) : 1
(8,6,5,4,2) : 1
(7,5,1) : 1
(4,5,2) : 70
(6,2,1,8) : 7
(5,4,2,1,6,8,7,3) : 1
(2,3,1,7,8,6,5,4) : 1
(2,1,7,5) : 2
(2,5,8) : 1
(6,3,2,1,8,4,5,7) : 1
(6,4,5,3,1,8) : 1
(1,6,5,4) : 9
(5,4,1,2,8,6,7,3) : 1
(4,5,2,6,1) : 3
(5,4,1,6,2,7,8,3) : 1
(6,5,4,7,1,2,3,8) : 1
(6,1,4,5,7,8,2,3) : 3
(2,6,1,3) : 1
(1,6,5,4,7,2,8,3) : 2
(1,2,4,5,8,3,6,7) : 1
(6,1,5,4,2,8,3,7) : 1
(4,2,3,6,8,5) : 1
(8,3,6) : 7
(6,1,2,8,3,4,5,7) : 2
(5,4,1,3,2,8) : 1
(2,3,6,8,4,5,1,7) : 1
(7,4,5,6,1,3,2,8) : 1
(5,2,1,8) : 1
(8,4,6) : 2
(1,4,5,2,6,3,8,7) : 1
(2,3,8,7,6,1) : 1
(4,5,1,6,7,3,8,2) : 1
(5,2,4,8,3,1,6,7) : 1
(2,8,7) : 2
(4,6,5) : 4
(2,1,6,5,4,3,8,7) : 2
(2,8,1,3) : 1
(2,4,5,6,1,7,8,3) : 1
(4,5,2,6,3,1,8,7) : 1
(4,3,2,5,6) : 1
(2,8,6,3) : 5
(7,4,5,3,2,1,6,8) : 1
(5,3,4,1,6,2) : 1
(6,7) : 10
(8,7,6,3,1,4,5,2) : 1
(2,8,6,1,3) : 2
(2,3,5,8) : 2
(1,4,5,6,3,8,2,7) : 1
(6,2,1,7,3,8,4,5) : 1
(8,1,2,3) : 1
(3,5,4) : 4
(2,3,8,4,5,1,6,7) : 1
(2,1,3,6,7) : 1
(4,5,8,3) : 3
(6) : 165
(4,1,5,7,8,3,2,6) : 1
(3,8,6,2,4,1,5,7) : 1
(1,8,6,5,4,7,2,3) : 1
(1,2,6,5,4,3,8,7) : 1
(2,6,3,1,8,7) : 1
(6,8,4,2,5,1,3,7) : 1
(4,3,2,1,6) : 1
(4,5,1,2,6,7,3,8) : 2
(2,4,5,8,1,3,6) : 1
(3,1,2) : 3
(2,1,6,7,4,5,3,8) : 3
(2,4,3,8) : 1
(1,6,4,5,7) : 2
(2,1,7,6,3) : 1
(5,4,7) : 12
(6,2,5,4) : 1
(1,3,7,8,6,4,5,2) : 1
(4,6,1,7) : 1
(2,1,6,4,5,3,7,8) : 2
(2,4,5,8,3,1,6) : 1
(1,2,6,4) : 1
(7,6,1,4,5) : 2
(5,4,1,7,3,2,6,8) : 1
(2,4,1,5,3,8,6,7) : 1
(3,5,6,7,1,2,4,8) : 1
(6,3,4,5,1) : 1
(1,5,4,2,3,6,7,8) : 1
(6,5,4,3,1,8,2,7) : 1
(1,2,5,4,6,7,8,3) : 1
(6,1) : 100
(2,5,6) : 6
(6,4,3,2,1,8,5,7) : 1
(6,3,1,2,8) : 1
(6,4,5,2,3,8,1,7) : 1
(1,2,6,8) : 4
(7,6,4) : 2
(6,4,1,2) : 1
(3,4,6) : 3
(4,5,2,3,6,1,8,7) : 1
(6,3,1,4) : 1
(7,1,2,6,3,4,5,8) : 1
(1,5,4,3) : 1
(4,5,6,8,1) : 2
(2,8,6,4,5) : 1
(2,6,1,7,8,3,4,5) : 1
(8,2,1) : 2
(1,2,6,8,7,3,4,5) : 1
(2,4,5,3,6,7,1,8) : 1
(2,6,1,8,3,4,5,7) : 3
(7,1,4,5,2,6,3,8) : 1
(2,4,7) : 4
(7,2,8) : 2
(2,1,7,6,5) : 1
(4,2,1,5) : 1
(2,6,1,7) : 9
(1,6,4,5,7,8,3,2) : 1
(6,2,1,7,4,5,3,8) : 1
(8,5,3,2,4) : 1
(6,5,4) : 10
(4,5,3,7,1,2,6,8) : 1
(4,7,8) : 2
(6,1,4,5,8,3) : 1
(2,3,6,5) : 2
(4,5,1,8,7,2,3,6) : 1
(2,7,5,4,1,3,6,8) : 1
(1,3,6,4,5,2,7,8) : 1
(4,2,6,8) : 1
(2,6,7,4,5,1,3,8) : 1
(3,4,5,7,8,6,2,1) : 1
(3,6,8,1,2,5,4) : 1
(4,5,6,1) : 21
(6,5,4,2) : 1
(8,3,6,2) : 1
(4,5,6,8) : 5
(6,4,5,1,8,2,3,7) : 1
(6,1,4,5,2,7,3,8) : 1
(2,3,6,4,5,8,1,7) : 1
(1,8,2) : 1
(5,4,1,6,3,8,2,7) : 1
(6,3,2,1,8) : 1
(8,7,2,1,3,6) : 1
(1,6,4,5,2,7,8,3) : 1
(4,5,2,3,1,8,6,7) : 1
(4,5,3,8,6,2,1,7) : 1
(5,4,2,1,3,8,7,6) : 1
(4,3,1,5) : 1
(2,1,5,4,7) : 1
(2,3,1,6,8) : 1
(7,1,2,6,4,5,3,8) : 1
(1,5,4,8,2,6,3,7) : 1
(7,6,1,5,4,2,3,8) : 1
(2,8) : 15
(2,1,3,6,4,5,7,8) : 1
