1,2,3,4,5,6,7,8,9,10
1,2,3,4,5,6,7,8,9,10
1,2,3,4,5,6,7,8,9,10
Informal,0
-+-+-+-+-+-+-+
(2,7,1,3,6) : 1
(3,5,1,8) : 2
(5,2,7,9,6) : 1
(3,5,6,8) : 2
(5,8,10,4) : 2
(5,6,1,3) : 9
(5,9,4,2) : 1
(1,6,3,8) : 2
(2,7,10,9,4,3,8,6,1,5) : 1
(5,2,7,9,6,1,8,4,3,10) : 1
(4,6) : 1
(2,1,7,9) : 8
(9,7,2,8) : 9
(10,7,2) : 1
(9,1,5,6,8,3,2,7,4,10) : 1
(2,7,9,5,4,6,3,8,10,1) : 1
(1,2,5,6,7,9,8,4,10,3) : 1
(2,5,8,9) : 1
(9,2,10,7) : 1
(8,1,6) : 1
(1,4) : 2
(2,7,9,5,1) : 2
(5,3,8,1) : 5
(3,7,2,9,8) : 2
(2,9,7,1,5) : 1
(5,1,8,7,9) : 1
(9,2,7,8,10,3,5,4,1,6) : 1
(8,9,10,5) : 1
(5,2,6,9,1,3,7,8,4,10) : 1
(9,7,2,1,6,8,3,10,4,5) : 1
(2,7,9,3,8,10) : 1
(3,6,7) : 1
(4,7,2) : 1
(5,7,1,9,10,8,6,3,2,4) : 1
(5,1) : 71
(5,8,3,6) : 1
(5,2,6,10) : 1
(1,6,10,4) : 1
(7,9,4,2) : 1
(7,2,9,5) : 7
(9,3,2,1) : 1
(3,8,7,9,2,4,10,5,6,1) : 1
(4,10,3,8) : 1
(5,8,9,3,2) : 1
(6,1,3,8) : 1
(7,2,9,10) : 3
(5,8,2) : 15
(5,1,4,6,10) : 1
(1,9,3,5,7) : 1
(10,3,8,5) : 2
(10,5,2,7,3,8) : 1
(10,3,5,2) : 1
(7,2,9) : 207
(1,5,2,3,4,6,7,9,8,10) : 1
(5,7,2,9,10,8,6,3,4,1) : 1
(2,9,7,8,6,1,3,5,4,10) : 1
(10,2,9,7) : 2
(5,2,3,1,6) : 1
(2,7,9,3) : 21
(5,8) : 65
(2,9,6,7,3) : 1
(7,8,10) : 4
(8,5,7,2) : 1
(5,2,9,7) : 10
(5,10,2) : 2
(7,1,3) : 1
(5,1,2,6,7,9,3,4,8,10) : 1
(5,2,6,3) : 1
(5,3,6,7) : 1
(5,8,9,3) : 1
(10,5,8) : 2
(4,5,10,6,2,1) : 1
(5,8,7,9) : 3
(1,2,3) : 1
(9,5,4,2,8) : 1
(3,8,2,9) : 3
(7,10,8,4,9,2) : 1
(9,6,1) : 1
(3,6) : 10
(2,1,6,7,9) : 1
(9,2,1,7,5,8,3,6,10,4) : 1
(9,3,2,7) : 4
(8,5,3,9) : 1
(2,9,7,5,10,8) : 1
(2,3) : 19
(2,7,1,5,8,9,10,6,4,3) : 1
(2,7,9,8,4,10,1,3,6,5) : 1
(5,1,2,7,9,6,8) : 1
(9,7,2,5,8,3,4,10,6,1) : 1
(9,2,3,7,8) : 1
(7,9,2,6) : 2
(2,6,9,1,5) : 1
(2,7,8,10) : 2
(7,2,10,3,8,5) : 1
(2,7,8) : 18
(7,2,3,4,5,1,6,8,10,9) : 1
(8,1) : 1
(2,5,7,1,9,6,8,3) : 1
(6,7,8) : 1
(5,7,8,4,3,2,6,10,9,1) : 1
(2,9,6,4) : 1
(8,5,1,3,6,10,4) : 1
(1,3,5,6,8,2,4,9,7,10) : 1
(2,1,5,7,8,3,9,10,4) : 1
(7,2,3,8,10) : 1
(5,10,8,3,4) : 1
(5,1,3,8,6) : 2
(2,10,8) : 2
(2,8,4) : 2
(10,6,4,1) : 1
(7,9,2,5,10,8) : 1
(5,3,8,2,7,9) : 1
(7,1) : 1
(2,7,9,5,8,10,6,4,3,1) : 1
(8,5,7,2,9) : 1
(5,8,3,4) : 1
(8,1,2) : 1
(3,8,1,5) : 1
(9,7,2,1) : 16
(7,1,9) : 2
(10,8,9,7,5,2) : 1
(9,7,2,10,8,5) : 1
(7,5,2) : 3
(5,2,7,9,8,3,4,1,6,10) : 1
(1,3,6,7,5) : 1
(5,9,3,6) : 1
(2,6,9,7,5,4,8,1,3,10) : 1
(3,7,9,2) : 1
(10,5,4,8) : 2
(5,9,4) : 1
(7,3,8) : 5
(2,5,8,3,7,9,1,10,4,6) : 1
(5,6,10) : 1
(1,6,3,5) : 4
(2,9,5,6) : 1
(2,9,7,1) : 5
(9,2,7,10) : 3
(8,10,3,7) : 1
(5,1,6,3,2,4,7,8,9,10) : 1
(2,8,10,5,3,4,9,7,6,1) : 1
(9,7,2,5,1,3,8,6,10,4) : 1
(2,4,9,7) : 1
(5,3,1,9,8,2,7,6,4,10) : 1
(2,5,9,6) : 1
(7,2,3,6,9) : 1
(7,9,2,8,3,1,6,10,4,5) : 1
(5) : 757
(1,5,6,3) : 2
(5,2,10,3) : 1
(9,6,5,1) : 1
(3,8,9) : 3
(1,5,7,2) : 1
(7,4,9,2) : 1
(1,5,7,6) : 1
(4,6,10) : 1
(5,3,8,7,2) : 1
(9,10,7,4) : 1
(9,7,1,8,5,3,6,4,10,2) : 1
(9,2,7,4,3,5,6,8,10) : 1
(1,6,2,4) : 2
(2,8,10) : 3
(2,7,9,3,10,8,4,6,5) : 1
(9,1,3,8,2,7,10,6,4,5) : 1
(6,3,8) : 4
(9,7,2,8,3,10,4,6,1,5) : 1
(3,1,6,4,5,8,9,2,7,10) : 1
(5,2,10,8,9) : 1
(8,5,9) : 3
(2,7,9,3,5,6,1,4,8,10) : 1
(4,5) : 6
(2,5,7,9,3,10,8,6,4,1) : 1
(9,2,6,7) : 2
(6,5,4) : 1
(9,8,7) : 3
(2) : 571
(2,9,10) : 5
(7,2,8,9,1,6,4,3,5,10) : 1
(7,9,2,5,8,3) : 1
(9,3,2,1,8) : 1
(6,3,5,8,4) : 1
(10,8,5) : 6
(2,7,5,9,3,4,1,6,8,10) : 1
(9,1,6) : 4
(5,6,8,7) : 1
(6,4,5,7,8,9,2,1,3,10) : 1
(2,7,9,5,8,3) : 1
(8,1,7) : 1
(5,8,3,10,9,7,2,4,6,1) : 1
(5,4,6) : 4
(10,8,2,1,3) : 1
(5,6,1,4,10,8,9,7,3,2) : 1
(2,8,7,9) : 3
(8,9,7) : 1
(2,9,5,8) : 1
(7,9,2,10,4,3) : 2
(5,3,8,2,7,9,1,6,4,10) : 1
(5,3,7,8) : 3
(2,7,1,8) : 1
(3,6,5,2,8,7,9,1) : 1
(5,8,6) : 8
(3,5,8,10) : 1
(4,9,10) : 1
(6,1,3,5) : 4
(2,3,5,1,4,6,7,9,8,10) : 1
(10,8,3,9,7,4,2,6,5,1) : 1
(5,6,1,3,9) : 1
(2,9,7,10,1,4) : 1
(6,5,8) : 3
(1,6,10) : 1
(2,7,9,5,3,6,8,1,4,10) : 1
(9,2,4) : 4
(3,2,7,9,8,6) : 1
(1,6,5,2,3,8,7,4,9,10) : 1
(7,2,9,5,3,4,8,10,1) : 1
(10,9,2,7) : 1
(10,4,8) : 14
(8,9) : 5
(9,8,5,3,1) : 1
(10,8,4,7) : 1
(2,4,7) : 4
(4,10,5) : 2
(5,7,4,9,6) : 1
(7,8,3,5) : 1
(3,1,8,7,9,2,6,5,10,4) : 1
(9,6) : 3
(10,8,5,9,1) : 1
(10,5,3,8) : 1
(9,2,7,8) : 10
(8,7,9,2,5) : 1
(6,8) : 2
(10,8,9,3) : 1
(2,7,9,10,4,3) : 2
(7,2,1,9) : 3
(10,8,3) : 13
(2,5,8,3) : 1
(2,9,5,7) : 4
(5,6,2,7,9,3,8,4,10) : 1
(2,5,7,8,9,10,1,3,4,6) : 1
(5,4,8) : 4
(2,5,7,9,8,10,6,3,4,1) : 1
(2,7) : 102
(7,2,8,10) : 1
(3,2,5,7,9,8) : 1
(9,6,7,2,3,1,8,5) : 1
(2,8,5,7,9,10) : 1
(2,1,7,9,6) : 1
(9,3,10) : 1
(5,7,4) : 1
(7,1,2,6,9,8,5,3,4,10) : 1
(8,9,7,6) : 1
(5,9,6,7) : 1
(9,7,2,8,10,3,4,5,6,1) : 1
(9,2,7,1,3,4,5,6,8,10) : 1
(4,7,3,2,8) : 1
(9,2,4,7,3,8) : 1
(5,1,3,2) : 2
(5,3,10) : 2
(10,2,4,5) : 1
(9,7) : 55
(9,7,5,2,4,6) : 1
(3,5,2,7) : 1
(9,2,7,8,3,10,5,6,1,4) : 1
(7,8,5,2,6,9) : 1
(4,10,8,7,3,2) : 1
(1,6,5) : 10
(7,2,5,9,8,3,10,1,6,4) : 1
(10,8,1,3,5,4,6) : 1
(6,4) : 1
(5,7,8,9) : 3
(3,1,6,7,5,2,9,8,4,10) : 1
(5,1,7,8,9,10,6,4,3,2) : 1
(6,8,1,3) : 1
(2,3,9,8) : 1
(2,7,9,8,10,3) : 1
(5,7,2,9,3) : 1
(2,7,3,5,9) : 1
(1,6,3,9,7,2,5,4,8,10) : 1
(9,7,2,5,3,8,1,4,10,6) : 1
(5,8,3,4,10,9,7,2,1,6) : 1
(3,9) : 4
(5,10,9,7,6,4,3,1,8,2) : 1
(9,5,1) : 7
(3,6,1,7) : 1
(2,3,7) : 7
(10,1,2) : 1
(6,9) : 3
(5,2,3,1) : 2
(5,7,2,1,3) : 1
(4,5,1,6,7,2,3,8,9,10) : 1
(3,1,5,6) : 1
(8,6,4,10) : 1
(8,3,2,9,5,7,10,6,1,4) : 1
(7,10,2) : 1
(9,7,10) : 2
(9,2,5,7) : 5
(8,5,2,6,9) : 1
(3,5,1,6) : 3
(6,2,5,3) : 1
(8,7,10) : 2
(6,3,5) : 1
(9,7,2,8,3,5) : 1
(3,1,8) : 3
(5,6,2,1) : 1
(3,1,6,2) : 1
(9,10,8,7,2) : 1
(2,7,9,6) : 12
(5,8,7,3) : 1
(7,2,8,9,10) : 1
(2,7,9,8,10,3,5,4,6,1) : 1
(5,1,6,3) : 10
(1,2,4,6) : 1
(2,4,7,5,6,8,9,10,1,3) : 1
(8,9,5) : 1
(8,5,3,2) : 1
(2,6,7,9) : 4
(5,7,8,3,2) : 1
(1,5,3,6) : 3
(6,2,4,9) : 1
(2,7,9,10,8,5,4,3,1,6) : 1
(5,7,3,6,9,8,2,10,4,1) : 1
(8,7,3,2,1,5,4,6,9,10) : 1
(7,2,10,4) : 1
(9,7,6,3) : 1
(3,4,5,2,1,6,8,7,9,10) : 1
(10,7,3) : 1
(9,8,3,7,2) : 1
(2,7,9,8,3,6) : 1
(8,7,3) : 6
(2,5,7,1) : 2
(7,2,3,8,1,10) : 1
(3,10,5) : 2
(8,2,7,9) : 6
(3,1,6,8) : 2
(2,5,7,9,1) : 2
(2,3,5,9) : 1
(7,8,5,9) : 1
(10,9,8) : 2
(1,5) : 15
(3,9,8,7,2,1,10,6,4,5) : 1
(6,7,2,1) : 1
(5,2,9,7,10) : 1
(2,4,6) : 1
(9,7,2,6,1,3,8,5,10,4) : 1
(5,3,2,1,4,6,7,8,9,10) : 1
(3,5,9,2,7,6,1,8,10,4) : 1
(10,9) : 8
(1,2,3,4) : 1
(8,6,3,4) : 1
(1,2,7,9) : 4
(5,1,6,10,4,3) : 1
(9,5,2,6) : 2
(7,2,9,8,5) : 1
(2,7,8,5,3) : 2
(1,5,2,9,7) : 1
(2,7,9,8,10,3,5,1,4,6) : 1
(5,2,9,7,3,8,6,4,1,10) : 1
(10,8,4,7,3) : 1
(5,8,10,3) : 2
(8,3,7,2,9) : 1
(5,7,10,8) : 1
(5,3,6,8) : 6
(4,6,1) : 1
(9,5,8) : 6
(10,8,3,5) : 2
(9,7,2,1,6) : 1
(7,2,6,9,1,3) : 1
(3,6,5,1,8,9,7,2,10) : 1
(5,2,4,6,7) : 1
(7,9,10,2) : 1
(5,8,6,3,1) : 1
(1,2,6,10) : 1
(3,10,1) : 1
(4,9,8,6,5,3,7,1,10,2) : 1
(9,2,7,3,5,8,6,10,4,1) : 1
(5,1,6,8,3,10,9,7,4,2) : 1
(5,3,6,2,9) : 1
(10,8,4,3,6,9,7,2,1,5) : 1
(8,5,4,3,7,9,10,2,6,1) : 1
(8,2,9,7,10) : 1
(1,5,8) : 5
(5,1,9,7) : 1
(7,2,9,3,8,1,6,5,10,4) : 1
(9,2,7,10,1,8,5,4,3,6) : 1
(5,6,7,9,10,8,4,2,3,1) : 1
(2,9,8,7) : 1
(5,1,3,4,6,10,8,7,2,9) : 1
(3,6,4,8,9,5,7,2,1,10) : 1
(2,7,9,5,3,8,6,4,1,10) : 1
(3,1,7) : 1
(6,5) : 3
(5,3,4,8) : 1
(5,3,8,2,9,7) : 2
(8,2,7,3) : 1
(5,3,8,10) : 2
(10,8,5,3,4) : 1
(10,8,5,3) : 1
(2,7,3,8) : 3
(7,9,8) : 1
(9,1,7,2) : 2
(2,3,7,9) : 5
(8,3,4) : 2
(3,2,8) : 3
(5,3,1,8,6) : 1
(7,4) : 3
(8,2,3,7) : 1
(5,3,6,8,10,1,9,7,2,4) : 1
(2,3,7,8,9,10,1,6,5,4) : 1
(2,5,4,8,7,10,9,6,1,3) : 1
(7,10) : 5
(2,7,9,6,3,1,8,5,4,10) : 1
(9,2,7,3,10) : 1
(3,5,2,7,8,9) : 1
(5,6,8,3) : 1
(9,7,5,8,3,2,1,6,4,10) : 1
(3,8,1) : 1
(3,10,8,6) : 1
(4,5,1,6) : 1
(7,6,5,3,2,10,1,4,8,9) : 1
(8,7,3,5) : 3
(5,2,7,9,1,3) : 1
(4,5,2) : 1
(9,7,3,2,10,8,6,4,1,5) : 1
(9,2,7,10,3,8,1,4) : 1
(9,8,5,3) : 1
(3,2,7,8,9) : 1
(6,2,9,4) : 1
(8,3,4,10) : 1
(3,9,10,7) : 1
(2,3,7,9,8) : 1
(8,10,7,3) : 1
(9,2,3) : 6
(8,9,10,7,4,2,3,5) : 1
(3,6,9,7) : 1
(10,2,7,4) : 1
(6,1,3,10,4,8) : 1
(6,1,8,9) : 1
(4,5,10) : 2
(7,1,3,2) : 1
(7,9,3,2,5) : 1
(7,9,1,2,3) : 1
(2,3,9,7) : 4
(9,2,3,6) : 1
(5,6,8,9) : 1
(7,2,9,1,3,8,5,4,6,10) : 1
(10,5,4) : 4
(5,8,4) : 4
(6,1,8,3) : 1
(4,3,10) : 1
(9,5,2) : 11
(1,2,6) : 2
(3,8,5) : 7
(1,2) : 8
(6,7,9,1,2,4,10) : 1
(10,4,8,6) : 2
(4,9,3,8) : 1
(2,8,3,7,9,6,1) : 1
(7,10,9) : 1
(2,8,1) : 2
(5,10,3,1) : 1
(3,1,8,6) : 1
(2,3,8,5,9,10) : 1
(10,5,9,7) : 1
(5,7,9,3) : 1
(9,3,1) : 1
(2,10,4,8) : 1
(6,8,2) : 1
(2,7,3,8,9,5,4,6,10,1) : 1
(9,2,7,3,10,8,5,6,4,1) : 1
(2,3,9) : 2
(9,7,5,2) : 6
(7,9,2,1,6,3) : 1
(5,1,2,9,3,8,4,6,7,10) : 1
(5,6,1,3,4,8,10,9,7,2) : 1
(1,7,3) : 1
(5,2,9,8) : 1
(5,2,6,7,9,8,4,3,10,1) : 1
(8,10,7) : 3
(5,9) : 38
(2,7,1,6,9,3,5,4) : 1
(2,9,7,6) : 4
(7,2) : 70
(8,2,7,9,3,1,4,10,5,6) : 1
(9,5,2,7,3) : 1
(9,7,8,3) : 2
(2,5,6) : 2
(5,1,2,3,6,7,8,9,4,10) : 1
(9,7,2,5,3,8,10,4,6,1) : 1
(5,4,3,6) : 1
(5,8,6,3) : 1
(7,2,9,3,1,6) : 1
(9,8,1) : 1
(2,5,9,7,3,8,10) : 1
(1,4,10,6,3,8,5,2,7,9) : 1
(1,3) : 7
(9,1,2,5) : 1
(3,7,9,6,4,1,2,5,8,10) : 1
(7,6) : 4
(6,3,1) : 3
(8,5,9,3,1) : 1
(2,7,9,10,8,5,3,4,1,6) : 1
(2,7,9,3,5) : 1
(2,1,6,9) : 2
(10,2,3,8) : 2
(1,6,2,3) : 1
(2,5,3,1) : 4
(1,5,9,2,3,4,6,7,8,10) : 1
(2,8,10,4,3,7,9,5,1,6) : 1
(8,5,2,1,6) : 1
(3,9,4,6,1) : 1
(6,5,2,9) : 1
(5,3,2,7,8) : 1
(7,3,10) : 1
(2,7,9,1,6,5,4,3,8,10) : 2
(10,7,1,6) : 1
(2,9,10,7,5) : 1
(1,7,9) : 1
(10,2,9,3) : 1
(2,5,7,9,8,6,4,3,1,10) : 1
(5,8,3,6,1) : 1
(5,10,8,4) : 2
(9,7,2,5,8,1) : 1
(2,5,3,7) : 1
(10,2,4) : 1
(7,2,9,8,3,10,4,5,6,1) : 1
(7,2,9,3,5,8,10,4,1,6) : 1
(2,5,7,8,9,10,1,3,6,4) : 1
(5,3,7,9,10,6,1,2,8,4) : 1
(2,7,9,1,8,6,3,4,5,10) : 1
(9,7,3,2) : 2
(3,5,7,1) : 1
(9,5,6,1,2,3,7,8) : 1
(2,3,8,7) : 1
(4,5,6) : 1
(5,8,2,3,6,1) : 1
(10,6,1,2,3,4,5,7,8,9) : 1
(7,9,2) : 140
(2,7,9,4,3,6,10,8,1,5) : 1
(3,2,7,9,10) : 1
(2,1,3,4) : 1
(8,10,4,5,6,3,2,7,9,1) : 1
(2,5,7,9,8,1,3,4,6,10) : 1
(8,9,2) : 3
(1,6,9,5) : 1
(9,7,5,8,2) : 1
(8,5,6,7,9,3,2,1,4,10) : 1
(2,3,6,9) : 1
(8,7,4,10,9,6,5,3,2,1) : 1
(5,3,8,10,6,1,7,2,9,4) : 1
(2,4,9) : 4
(7,9,5,2,8,10,3) : 1
(2,1) : 14
(2,9,7,8,10) : 1
(1,3,2) : 2
(2,4,5) : 2
(6,3,1,5) : 1
(2,9,10,7) : 2
(9,7,2,5,4,8,10,3,1,6) : 1
(5,10,1,6) : 2
(2,6) : 4
(5,2,7,9,4,8,1,6,3,10) : 1
(9,2,7,3,1) : 1
(4,3,8) : 2
(1,8) : 2
(2,5,3,8) : 2
(2,7,9,3,5,8) : 1
(2,5,8,9,7) : 1
(9,7,5,3,2,1,6,10,8,4) : 1
(8,5,3,2,9,7,4,10,6,1) : 1
(7,9,8,2,3,6,1,5,10,4) : 1
(6,1,5,9,7,3,2) : 1
(2,8,3,1,7) : 1
(2,6,7,1,9,3,5,8,4,10) : 1
(7,1,3,5,2) : 1
(10,7,4) : 3
(10,2,8) : 4
(5,8,10) : 10
(1,5,3,2,7,9,10,8,4,6) : 1
(2,7,3,10,9) : 2
(2,1,6) : 3
(5,1,2,7,8,9,10,6,4,3) : 1
(2,10,4,3,9,6,7,8,5,1) : 1
(5,10,3) : 7
(8,9,7,2,10,5) : 1
(5,9,7,8,6,4,3,2,1,10) : 1
(5,1,3,2,7,9) : 1
(9,2,7,8,3,6,5,1,4,10) : 1
(9,8,3,2) : 1
(3,2,9,5,7,8,4,10,6,1) : 1
(6,7,3,2) : 1
(2,7,9,3,1) : 2
(1,7,9,10) : 1
(10,9,8,4,2,7) : 1
(2,3,8) : 6
(3,5,2,7,9,8,10) : 1
(9,2,3,5,1,6,7,8,10,4) : 2
(5,1,8,6,4,9) : 1
(2,5,7,9,8,4) : 2
(6,1,5) : 1
(9,2,7,6,3,1,5,8,10,4) : 1
(5,1,7) : 4
(2,4,8,5) : 1
(5,6,7,1) : 1
(9,2,7,6,5) : 2
(9,3) : 8
(7,9,3,1) : 1
(9,2,1,6,3) : 1
(10,8,5,4) : 1
(9,7,2,6,8,10,5,4,3,1) : 1
(7,5,2,1,9) : 1
(7,2,6,3) : 3
(5,6,3,1) : 4
(2,5,6,7,9) : 1
(5,4,1,2,3) : 1
(8,4,3,10) : 1
(5,1,2,7) : 1
(1,5,3,9,2,6) : 1
(5,7,9,2,8,3) : 1
(10,9,7,5,8) : 1
(2,5,10,9,7,8,3,4,6,1) : 1
(4,9) : 2
(8,10,3,1,6,4,9,7,2,5) : 1
(6,5,7,2,3,9) : 1
(5,4,10) : 7
(10,5,8,3) : 1
(4,7,9,2) : 1
(8,5,3) : 6
(5,2,7,8,9,10,3,6,4,1) : 1
(10,8,4,2,3,5,6,7,9,1) : 1
(4,7,10,8) : 1
(1,2,3,6,7,9,8,10,5,4) : 1
(2,6,3,1,9) : 1
(7,8,2,9,5) : 1
(8,10,9,5) : 1
(7,9,2,1,6) : 1
(2,1,9) : 2
(2,7,9,10,8,5,3) : 1
(6,8,7,9,4,5,3,1,10,2) : 1
(5,10,8,3,1) : 1
(2,1,5,6,9,10,7,4,8,3) : 1
(8,3,1,4) : 1
(9,8,2) : 3
(7,2,8,3,1) : 2
(5,10,3,9) : 1
(8,3,10,2,5) : 1
(5,9,8,10) : 1
(4,10,5,8) : 1
(8,5,3,10,9,7,2,4,6,1) : 1
(7,8,9,2,1,3,4,5,6,10) : 1
(9,7,2,6,8,10,3,5,1,4) : 1
(1,5,8,10,6,4) : 1
(5,2,8) : 14
(5,2,7,9,10,3,4,1,8,6) : 1
(3,2,1) : 1
(4,5,3,8) : 2
(7,3,8,5) : 1
(2,4,7,8) : 1
(3,5,2,1,7,8,9,10,6) : 1
(3,7,9,2,1,5,8,6,4,10) : 1
(2,7,9,4,1,6) : 1
(5,2,7,1) : 1
(3,6,2) : 1
(4,9,3,2,1,5,6,7,8,10) : 1
(8,3,7,9) : 1
(2,8,5,7,9) : 2
(9,2,5,3,7) : 1
(2,7,1,3) : 1
(1,4,6) : 1
(5,2,7,10,3,1,4,8,9,6) : 1
(2,1,3,7,9,8,6) : 1
(9,7,2,3,6,1) : 1
(7,2,3,1) : 1
(7,6,2) : 1
(5,3,1,6,8,9,7,2,4,10) : 1
(1,2,5,7) : 1
(8,6,5,3) : 1
(5,7,8,10,9,2,3,6,4,1) : 1
(3,7,1,8) : 1
(2,10,1,9) : 1
(7,9,2,8) : 5
(2,5,3,9,8,6,7,1) : 1
(10,8,6) : 5
(5,1,2,8,7,9,6) : 1
(2,7,9,8,5,4,3,10,1,6) : 1
(2,8,9,7) : 1
(9,7,8,10,5,3,2,6,4,1) : 1
(5,4,1,6,8,3) : 1
(1,6,8,9,2,10,7,4,3,5) : 1
(7,9,2,5,1,3,4,6,8,10) : 1
(9,1,10) : 1
(5,8,3) : 39
(10,4,9,7,2) : 1
(1,4,5,6) : 1
(9,2,7) : 336
(1,3,2,5) : 1
(1,9,6,8) : 1
(10,8,9,4,3,7,2,5,6,1) : 1
(3,8,6,1,2) : 1
(9,2,7,6) : 6
(1,2,4) : 1
(5,9,1,2,3,4,7,6,10,8) : 1
(5,7,9,3,2,1,4,6,8,10) : 1
(9,6,3,2,8) : 1
(7,2,10,9) : 2
(10,4,8,2) : 1
(9,5,1,7,8,10,4,3,2) : 1
(10,4,3,5) : 1
(8,10,4,3) : 1
(8,2,10) : 1
(5,2,7,8,9,10,6,4,3,1) : 1
(10,2,5) : 1
(8,10,1) : 2
(5,7,8,9,2) : 1
(7,2,9,10,4,8) : 1
(3) : 61
(2,7,1,9,5) : 1
(10,4,6) : 2
(5,2,1,7,9,6,3,4,8,10) : 1
(9,7,2,1,8) : 1
(6,8,9,1,7,10,3,4,2,5) : 1
(5,8,3,9) : 2
(5,7,9,3,2,6) : 1
(5,10,8,1) : 1
(5,6,1,2,9,7,8) : 1
(9,5,7,2,8) : 3
(1,2,4,7) : 1
(7,2,9,8,10) : 1
(9,8,7,2,3,10,4,6,5,1) : 1
(5,2,6,3,7,8,10,9) : 1
(9,7,2,8,5,10,4,3,6,1) : 1
(5,3,6,7,2,9,4,8,1,10) : 1
(2,8,4,6,3,7,9,1,5,10) : 1
(8,9,3,7) : 1
(5,9,1,8) : 2
(10,9,7) : 4
(7,3,5) : 3
(8,3,5,6,2,4,7,9,10,1) : 1
(2,7,9,8,6) : 1
(7,5,3,9) : 1
(3,7,5) : 1
(1,5,6,2,4) : 1
(7,5,6,3,2,1,4,9,10,8) : 1
(3,2,1,6) : 1
(9,2,8) : 6
(2,4,8) : 1
(9,2,7,3,5) : 1
(5,1,4,3,6,8,10,9,7,2) : 1
(8,7,2,9) : 5
(8,3,4,9,7,2) : 1
(1,6,2) : 2
(3,6,8) : 3
(9,7,2,1,3,6,10,8,4,5) : 1
(2,4,10) : 2
(7,6,5,3,2,1,8,9) : 1
(5,3,4,1) : 1
(8,7,2,6) : 1
(2,7,8,9,10,4,3,6,5,1) : 1
(5,4) : 5
(10,9,3,7) : 1
(5,2,8,3) : 2
(6,5,3,9) : 1
(5,6,1,3,4,2) : 1
(5,2,7,9,8,3,4,10,1) : 1
(8,7,4,5,9,10,6,3,2,1) : 1
(1,3,9,5) : 1
(5,10,3,8) : 1
(2,7,9,3,8,5,1,6,10) : 1
(10,8,4,3,1,6,5) : 1
(3,5,1,8,6) : 1
(1,6,3,2,7,9) : 1
(5,1,9,2,7,3,4,6,8,10) : 1
(5,3,1,4,6,8,9,10,7,2) : 1
(8,7,5,2) : 1
(2,7,5,4,6,8,1,3,9) : 1
(8,3,1,4,5,10,9,7,6,2) : 1
(7,3,5,1) : 1
(10,7) : 5
(5,1,6,3,8) : 1
(1,9,2) : 2
(5,2,6,7,9) : 1
(8,5,2,7,9,3) : 1
(10,1,5) : 1
(5,1,2,6,7,9,8,3,4,10) : 1
(5,2,7,9,10,4,8,1,3,6) : 1
(2,5,7,8,10,9,6,4,1,3) : 1
(9,3,6,7) : 1
(5,3,9,7,2,8,10,4,1,6) : 1
(7,5,1,2) : 1
(7,5) : 18
(2,3,4,5) : 1
(9,7,3,8) : 1
(5,9,1,6,3) : 1
(4,10,2,8) : 1
(2,5,7) : 32
(9,5,8,2,7) : 1
(5,3,7) : 4
(2,9,4,3,8) : 1
(10) : 168
(7,2,5,3) : 1
(5,1,8,6,9,4,3,10,2) : 1
(2,4,7,9,10) : 1
(9,7,2,8,10) : 1
(3,1,6) : 4
(9,7,2,3,8) : 1
(3,6,1) : 3
(5,6,1,10) : 2
(3,9,7,2) : 1
(2,5,8,7) : 2
(2,9,7,1,5,6,8,10,3,4) : 1
(9,7,1,8,5,3,4,6,10,2) : 1
(1,5,2,7,9) : 1
(2,7,8,9) : 12
(1,5,2,6,7,3,8,9) : 1
(2,9,5) : 10
(4,7,1,2,10,9,8,5,6,3) : 1
(6,3,7,2) : 1
(5,8,4,1) : 1
(2,7,8,3) : 2
(2,4,6,7) : 1
(1,3,2,7,9,8,10,5,6,4) : 1
(2,7,10,8,9) : 1
(2,8,7,3) : 1
(10,9,2,7,8) : 2
(8,3,9,2) : 1
(5,6,1) : 26
(8,2,9,7) : 3
(3,2,9,5) : 1
(9,4,10) : 1
(2,8,9,7,3,10,1,4,6,5) : 1
(3,5,10,8,9,2,7,6,4,1) : 1
(6,5,2) : 1
(2,7,9,5,6,8,4) : 1
(2,7,9,10,8,4,3,5,6,1) : 1
(8,3,7) : 4
(7,8,5,2,9) : 1
(5,6,3) : 15
(9,3,6) : 3
(3,5,8,6) : 2
(9,2,8,7) : 2
(7,8,9,5,10) : 1
(3,8,7,2,10,9) : 1
(10,5,7,8) : 1
(2,7,6) : 1
(5,8,2,3,1) : 1
(9,2,4,5,7,8,1,3,10,6) : 1
(9,7,3,1,2) : 1
(9,10,5,8) : 1
(10,2,9,7,8) : 1
(2,7,8,6) : 2
(6,2,1,5) : 2
(9,7,2,4) : 6
(4,10,2,7,9) : 1
(5,1,6,8,3) : 2
(5,10,4,2) : 1
(1,6,8,3,5,4,10,9,7,2) : 1
(7,8,3,2) : 1
(8,2,1) : 2
(5,4,6,8) : 1
(9,2,8,7,10) : 1
(10,8,9,1,2) : 1
(9,8,7,6,2,1,3,5,10,4) : 1
(9,1,2,3,5,6) : 1
(1,8,10) : 1
(5,8,10,4,6,7,3,9,2,1) : 1
(8,3,5,2,9,10,7,6,1,4) : 1
(1,6,7) : 2
(7,8,9,2) : 6
(5,2,7,9,8,1) : 1
(6,2,5) : 2
(3,2,8,10,1) : 1
(9,2,7,5,8,3,1,4,6,10) : 1
(5,1,3,8,6,4) : 1
(9,10,3) : 3
(7,2,8,3) : 1
(3,6,5,2) : 1
(8,10,5) : 1
(8,7,2,9,5) : 1
(9,2,3,7,8,10,1,4,5,6) : 1
(2,7,4) : 3
(9,7,2,5,8,4,3,6,1,10) : 1
(2,8,9,3,5,7,4,1,10,6) : 1
(5,10,8,7) : 1
(2,7,9,10,5,4,3,8,1) : 1
(3,1,4,6,5,7,2,10,8,9) : 1
(1,5,3) : 8
(9,5,2,3,7,8,10,6,1,4) : 1
(8,10,9,7,3,2) : 1
(5,3,8,9,10,6,7,4,2,1) : 1
(8,6,3,2,9) : 1
(9,10,7,2) : 1
(3,1,5) : 8
(5,2,3,6) : 1
(6,3,5,8) : 1
(5,9,10) : 2
(10,2,8,5) : 1
(5,2,7) : 20
(3,1,8,5,7) : 1
(9,2,7,10,5,3,4) : 1
(5,2,7,9,10,8,6,3,4,1) : 1
(3,5,8) : 15
(3,4,2,1,5) : 1
(2,10) : 21
(9,6,5) : 2
(8,3,5,10) : 1
(2,5,7,10) : 2
(2,6,9,3,7,1,4,5,8,10) : 1
(2,9,7,3,1,5,4,6,10,8) : 1
(2,8,3) : 5
(8,1,9) : 1
(8,2,3,7,1) : 1
(5,3,8,6) : 4
(1,7,9,2) : 1
(2,7,9,10,8,3,4,5,6,1) : 1
(7,2,10) : 7
(3,6,4) : 1
(2,5,7,9,6,8,4,1,3,10) : 1
(5,4,10,8,3,6,7,9,1,2) : 1
(1,2,7,9,8,10,6,4,3,5) : 1
(9,1,8,2,3,4,5,6,10,7) : 1
(2,7,9,8,3) : 3
(8,5,3,1) : 1
(2,5,10) : 2
(7,3,5,8,10) : 1
(9,7,2,3) : 6
(10,8) : 15
(3,6,9,2) : 1
(7,2,9,10,5,3,6,1,8) : 1
(2,6,9) : 3
(10,9,3) : 1
(10,2,8,3) : 1
(5,7,9,4) : 1
(5,2,8,9) : 1
(2,7,9,3,8,10,1,4,6,5) : 1
(5,2,9,3) : 1
(5,1,6,3,2,7,8,9,10) : 1
(5,1,3,6) : 5
(2,9,7,6,5,3,8,1) : 1
(2,7,9,5,10) : 1
(5,10,8,9) : 1
(5,6,2,3,1) : 1
(2,1,5) : 4
(4,3,10,9) : 1
(3,2) : 6
(2,8,5,1) : 1
(2,3,5,7,9,8,6,4,1,10) : 1
(5,8,7,9,3,2,1,10) : 1
(7,2,9,5,8) : 1
(6,5,3) : 5
(5,8,3,10,4,7,2,9,6,1) : 1
(3,2,9) : 1
(10,2,5,7) : 2
(3,5,8,1,6,4,7,9,10,2) : 1
(6,1,3,7) : 1
(5,3,6) : 12
(9,1,8,3) : 1
(8,5,10) : 5
(2,7,4,9) : 1
(2,5,7,8,9) : 2
(8,3,10,4,5) : 1
(3,6,1,8) : 2
(2,7,8,9,10,6,3,1,4,5) : 1
(2,7,9,6,5,1,3,4,8,10) : 1
(8,1,7,3,10) : 1
(7,5,8,3) : 1
(1,6,5,3) : 2
(10,3,8) : 5
(8,2,3) : 2
(5,2,7,9,6,4) : 1
(2,9,7,5) : 9
(7,2,9,4) : 2
(5,1,6,3,8,2,7,9) : 1
(5,7,9,2,8,10,6,4,3,1) : 1
(5,7,10,3) : 1
(8,9,7,2) : 1
(7,5,3,1) : 1
(5,9,8) : 2
(8,5,10,6) : 1
(5,6,7,2,1,9,8,4,3,10) : 1
(2,9,7,4,8,6,5,3,10,1) : 1
(9,2,1,5,7,8,3,6) : 1
(8,3,6,7,10,4,2,1,5,9) : 1
(5,1,10,6,3,4) : 1
(9,7,3,4,2,1,5,6,8,10) : 1
(1,5,2) : 2
(2,7,5,8,3) : 1
(5,6,1,3,4,10,2,7,8,9) : 1
(1,2,7,9,3,4,10,6,5) : 1
(3,1,2) : 1
(10,6,4,1,8,2,7,9,5,3) : 1
(4,10,8,3) : 2
(8,1,3) : 2
(9,6,3) : 2
(5,3,8,6,1,2,7,10,9,4) : 1
(9,2,8,7,3,5,10,4,6,1) : 1
(9,7,2,8,3) : 1
(2,7,9,8,3,4,10) : 1
(5,3,8,1,6) : 2
(2,7,8,4,9,10,3,6,1,5) : 1
(10,2,7) : 2
(2,8,9,5,7) : 1
(2,3,7,8,9) : 3
(9,10,7,1,2,5,3,4,6,8) : 1
(5,6,1,4,9,8,7,10,2,3) : 1
(3,2,8,6,7,4,5,9,10,1) : 1
(10,2,5,8,7) : 1
(5,8,3,7) : 1
(3,6,8,5,2,7,9,4,10,1) : 1
(9,7,4,2) : 2
(5,8,3,10) : 6
(10,5,4,6) : 1
(5,8,3,10,9,2,7,6) : 1
(2,7,3,9) : 3
(7,9,2,8,3,6,4,10,5,1) : 1
(5,1,2,3,9,4,6,8,10,7) : 1
(2,5,9,10,1) : 1
(7,6,8,4,3,2,9,10,1,5) : 1
(8,3,2,7,9,10) : 1
(10,3,7,9,5,2) : 1
(10,5,9,8,7,4,3,2,1,6) : 1
(8) : 101
(5,7,2,9,3,4,10,8,1,6) : 1
(2,9,1) : 3
(9,2,7,5,8) : 1
(9,1,2,7,6,3,8,10,4,5) : 1
(6,7) : 2
(9,7,6) : 2
(5,1,8,6) : 1
(2,7,9,8,3,10,4,5,6,1) : 1
(10,2,7,6) : 1
(9,5,1,2) : 1
(2,1,6,9,7) : 1
(2,8,3,5) : 1
(5,7,3,1) : 1
(10,4,3,2,5,7) : 1
(8,3,5) : 10
(1,9,6) : 3
(10,4) : 56
(5,7,6,1) : 1
(5,2,7,9,3,8,10,6,4,1) : 1
(2,3,1) : 1
(2,5,8,10) : 1
(1,3,9,7,2,4,6,5,8,10) : 1
(1,2,9) : 2
(2,7,9,3,4,1,6,5,8,10) : 1
(4,7) : 1
(7,9,3,2,5,8) : 1
(8,5,2,3,10) : 1
(5,7,2,9) : 7
(2,9,7,5,6,1) : 1
(2,6,7,8,9,3,4,1,5,10) : 1
(5,8,10,1,3,6,7,9,2,4) : 1
(9,7,4) : 1
(10,8,2,9) : 1
(9,1) : 1
(2,8,5,7) : 1
(2,7,10) : 8
(5,1,6,3,4) : 1
(9,7,4,6,3,2,1) : 1
(5,3,1) : 21
(6,8,3,1,2,9,5,10,4) : 1
(5,2,7,8) : 1
(2,7,9,5,8,1,3,6,10) : 1
(2,7,9,4,8,5) : 1
(4,10,8,2,7,6,9,3,1,5) : 1
(3,1,5,8,6) : 1
(7,2,9,10,8) : 1
(3,6,8,10) : 1
(5,6,8,1,4,3,10,2,7,9) : 1
(5,8,1) : 6
(2,4,7,9) : 4
(5,9,8,3) : 3
(5,7,8) : 6
(2,7,9,10,5,3) : 1
(5,1,2,7,9) : 1
(9,7,2,8,5,3,4,10,1) : 1
(2,7,9,3,10,8,4,1,6,5) : 1
(8,2,7) : 4
(9,2,7,5) : 19
(8,10,9,7,5,3) : 1
(2,9,7,6,5,3,1,4,8,10) : 1
(1,5,6) : 7
(5,2,3,7) : 4
(8,3,10) : 2
(7,8,3) : 3
(9,7,2,1,3,8,5) : 1
(2,9,7,4,5) : 1
(5,2,8,1) : 2
(1,2,8,9,7,6,4,3,5,10) : 1
(9,7,2,8,5) : 1
(5,6,1,3,2,7,9,8,4,10) : 1
(5,2,1,8) : 3
(2,3,5,7) : 3
(5,9,6,2,1,3,7,8,10,4) : 1
(6,7,5) : 1
(1,6) : 13
(2,6,8,3,1,7,9,4,5,10) : 1
(9,8,10) : 5
(2,4,1) : 1
(9,2,7,5,8,6,4,10,1,3) : 1
(1,5,3,9,7) : 1
(2,3,4,7) : 1
(1,7,2,5,9,3,8,4,6,10) : 1
(2,7,9,10,1) : 1
(9,5,2,7) : 10
(3,7,8,9,10,5,6,2,1,4) : 1
(7,2,9,8) : 7
(10,9,3,8,1) : 1
(5,3,10,8) : 2
(10,8,9) : 2
(9,2,7,5,8,3,6,10,1,4) : 1
(4,10,9) : 1
(8,10,9,5,7,6,1,4,3,2) : 1
(8,3,10,2) : 1
(2,5,7,9,3) : 7
(2,9,7) : 205
(9,7,2) : 367
(9,5,2,10) : 1
(1,6,3,5,2,7,8,4,9,10) : 1
(1,3,5,7) : 1
(5,1,10) : 2
(10,5,8,3,6) : 1
(8,3,2,9) : 2
(10,2) : 10
(6,1,4) : 2
(7,2,9,4,6,5,1,8,10,3) : 1
(6,5,8,10) : 1
(4,6,5,3) : 1
(6,1,5,4) : 1
(3,1) : 2
(9,2,10) : 2
(6,5,10) : 1
(1,6,9) : 1
(2,7,9,5,3) : 4
(5,1,6,9) : 2
(6,9,5) : 1
(2,9,7,8) : 8
(5,8,2,9,4,10) : 1
(1,2,8) : 1
(9,6,7,2) : 2
(5,3,2,7,6,8,9,1,10,4) : 1
(9,7,2,3,5,4,6,8,1,10) : 1
(8,5) : 19
(9,10,5,2) : 1
(9,2,8,10) : 1
(4,5,3) : 1
(2,9,1,6,7,8,5,4,3,10) : 1
(1,5,8,4,3,6,7,9,10,2) : 1
(4,8,6,9,5,7,3,10,2,1) : 1
(8,10) : 13
(1,5,3,9) : 1
(10,8,3,1) : 1
(7,9,2,5) : 7
(7,2,8) : 7
(5,1,3,8) : 11
(9,5,6,7,8,1,2,3,4,10) : 1
(8,2,5) : 3
(5,2,7,3,9,1,6) : 1
(1,4,6,10) : 1
(10,5,1,8) : 1
(2,7,9,8) : 28
(5,8,3,1) : 6
(1,9,8) : 1
(8,5,3,4) : 1
(8,2,3,9) : 1
(5,3,2,6) : 1
(2,5,7,3,9,8) : 1
(4,7,9) : 2
(2,1,9,7,6,4,5,8,3,10) : 1
(7,10,5) : 1
(7,2,9,3,8,1,6) : 1
(3,1,2,6,8,9,5) : 1
(3,8,7,2,5) : 1
(2,7,9,4) : 10
(9,7,2,5,8,3,4,1,6,10) : 2
(7,8,2,4,3,6,9,10,5) : 1
(7,5,3) : 3
(8,10,3,4,5) : 1
(3,2,7,8,10,9,6,5,1,4) : 1
(3,7,9,5,6,8) : 1
(9,2,1) : 5
(9,2,3,4) : 1
(10,2,9,8,7) : 1
(7,5,2,9) : 8
(7,2,9,8,10,3) : 1
(2,5,7,9) : 40
(2,3,6) : 1
(2,7,9,5,8) : 1
(9,2,6) : 5
(5,1,10,8) : 1
(8,4,10) : 1
(1,2,3,7) : 1
(9,7,2,1,3,6,4,8,5,10) : 2
(4,8) : 2
(3,5,8,1) : 1
(9,5) : 25
(5,1,6,9,2) : 1
(7,2,10,1) : 1
(2,3,7,9,1,8) : 1
(5,3,2) : 12
(5,3,6,4,8,1,2,7,9,10) : 1
(2,7,9,5,4,3,1,6,8,10) : 1
(2,7,5,9,1,3,8,6,4,10) : 1
(2,7,9,8,10,5,3,6,4,1) : 1
(5,10,8,3) : 2
(3,10,8,4) : 1
(10,7,5) : 2
(4,8,1) : 2
(2,8,5) : 2
(5,8,9) : 10
(7,3,9) : 1
(3,2,7,9) : 5
(5,10,1,8) : 1
(5,1,3,4,6,8,2,7,9,10) : 1
(3,8,10,5) : 1
(7,2,9,8,3) : 5
(5,2,7,9) : 18
(10,4,3,5,8,6,7,2,9,1) : 1
(9,5,6) : 1
(5,8,1,4,6,3,9,7,2,10) : 1
(3,8,10) : 3
(10,7,5,9) : 1
(7,2,9,1,6) : 1
(7,5,8,9) : 3
(2,9,7,5,10,8,3,6,1,4) : 2
(5,8,6,1,3,2,7,9,4,10) : 1
(7,5,3,9,2,8,10,6,4,1) : 1
(3,5,7) : 2
(6,4,1,8) : 1
(5,8,2,9) : 3
(6,2,9) : 1
(9,7,2,8,1,3,5,6,10,4) : 1
(1,6,2,8) : 1
(5,3,2,7,9,1,8,6,4,10) : 1
(5,3,1,8) : 9
(3,7,8,9,5,2,6,1,10,4) : 1
(9,7,6,2,10,1,5,3,4,8) : 1
(5,6,10,9,8,7,4,3,2,1) : 1
(2,9,7,8,1,5,3,6,10,4) : 1
(5,2,7,1,3,4,6,8,9,10) : 1
(5,9,2,6,3,8) : 1
(1,5,2,7) : 1
(5,3,1,6) : 12
(2,5,1,7) : 1
(8,7,5,9) : 1
(2,7,9,1,5,8,10,6,4,3) : 1
(5,1,8,3,6) : 1
(7,8,5) : 3
(7,2,5,9,6,4,8,3,1,10) : 1
(5,6,2,3) : 1
(6,5,4,2) : 1
(1,6,3) : 6
(2,9,7,5,6,1,3,4,8,10) : 1
(5,2,4,6,7,8,9,10,3,1) : 1
(3,2,7,9,6,5,8,10,4,1) : 1
(5,9,1) : 6
(2,5,10,9,8,7,1,3,4,6) : 1
(2,7,9,4,5,8,6,3,1,10) : 1
(7,9,10,8,6) : 1
(9,2,7,8,3,6,4,5,1,10) : 1
(2,6,9,10,1,4,7,8,5) : 1
(3,10,9,8,7,4,6,2,5,1) : 1
(5,8,9,4) : 1
(5,8,9,10) : 2
(3,2,8,7) : 1
(5,1,6,3,8,7) : 1
(8,7,2) : 5
(2,5,7,9,4) : 1
(6,7,9) : 1
(5,4,9) : 1
(8,9,5,7) : 1
(2,9,7,8,3) : 2
(4,10,6,3) : 1
(3,7,9,8,2) : 1
(3,10) : 6
(8,6) : 1
(2,1,9,6) : 1
(3,2,5) : 3
(9,2,1,5,4) : 1
(2,10,5,8,7) : 1
(5,8,10,9) : 4
(5,10,1) : 5
(2,9,4) : 1
(9,5,10,8) : 1
(10,2,4,7,9,8,5,3,6,1) : 1
(2,1,9,7,5) : 1
(9,2,4,7) : 1
(1,2,5,7,9) : 1
(9,7,2,3,8,5) : 1
(2,7,9,3,6) : 1
(10,8,4,3) : 2
(8,5,6) : 1
(2,5,7,9,8,3,1,4,10) : 1
(6,7,3,1) : 1
(2,1,5,7,3) : 1
(5,3,9) : 2
(9,2,5,3) : 3
(1,5,7) : 1
(7,2,1,3,9) : 1
(8,6,5) : 1
(7,2,9,6) : 2
(7,5,1) : 2
(8,3,5,7,1,2,4,9,10,6) : 1
(5,7,1,3) : 1
(5,7,10,9) : 1
(9,7,5,2,3,10) : 1
(9,5,7,8,6) : 1
(5,2,7,9,3,4,8,10,6,1) : 1
(10,2,3) : 1
(7,3,4,8) : 1
(7,9,5) : 2
(1,5,8,10) : 1
(6,8,3,2,1) : 1
(2,9,8,5,10,3) : 1
(7,2,9,1,8,6,3,10,4,5) : 1
(7,9,5,1) : 1
(7,2,8,5) : 2
(2,7,9,3,8) : 3
(10,3,9,7) : 1
(2,1,4,7) : 1
(6,1,3) : 2
(4,5,7,2,1) : 1
(9,10,7) : 1
(5,6,7) : 2
(2,3,6,7,9) : 1
(7,2,1,8) : 1
(2,5,7,8,9,6,1) : 1
(5,3,9,4) : 1
(2,7,9,10,4) : 4
(8,1,3,6) : 1
(9,5,7,2,8,1,6,3,4,10) : 1
(2,7,1) : 2
(9,8,7,2) : 1
(5,3,8,2) : 1
(5,1,10,3) : 1
(5,8,3,2,7,1,9,6,10,4) : 1
(9,8,6) : 1
(2,5,8) : 12
(4,5,8,9,2) : 1
(10,9,8,3,1,2) : 1
(5,9,7,6,3,2,1,4,8,10) : 1
(2,7,9,5,8,3,10,6,1,4) : 1
(5,6,3,2,9,7,8) : 1
(2,9,1,3,5) : 1
(3,7,2) : 2
(5,2,9,6,1,7,8,3,4,10) : 1
(4,1,6) : 1
(2,5,8,3,7,9) : 1
(8,10,7,2) : 1
(5,3,1,6,8) : 1
(7,2,9,3,5) : 2
(7,8,4,3,6,9,2,1,10,5) : 1
(7,9,2,10) : 3
(2,6,1) : 4
(9,10,2) : 4
(9,2,7,1) : 4
(6,1,2) : 2
(4,3,7,9,10) : 1
(9,4,5,10) : 1
(8,10,4) : 2
(7,1,2,10) : 1
(1,3,4,6,8) : 1
(7,2,3,8) : 3
(5,8,10,6) : 1
(2,9,7,6,1) : 1
(5,2,3,7,9) : 1
(2,5,7,8) : 3
(7,9,2,10,8,4,3) : 1
(3,2,7,5,1,10) : 1
(5,8,4,3,7,9,10,2,6,1) : 1
(5,3,1,8,10,6,7,9,4,2) : 1
(5,3,6,1) : 5
(7,2,5,3,9,10,8,6,4,1) : 1
(5,1,9) : 4
(5,3,4) : 2
(1,3,6,5,2,7,8,9) : 1
(3,5,2,9,7,8) : 1
(6,7,3) : 2
(5,6,9,7) : 1
(2,1,5,7,10) : 1
(3,5,10,8) : 1
(4,10,8) : 5
(9,2,7,5,4,3,8,10) : 1
(5,1,9,7,2,3,10,8,6,4) : 1
(5,7,6) : 2
(9,6,3,2,7,8) : 1
(8,2,5,3) : 2
(5,7,8,6) : 1
(5,4,3,8) : 1
(9,8,7,5) : 1
(5,1,6,2,7,9,3) : 1
(5,2,7,3) : 2
(7,5,2,9,3,4,6,8,10,1) : 1
(2,5,9,7,3) : 1
(5,6,8,7,1) : 1
(5,4,1) : 3
(5,1,2,6) : 1
(5,8,1,3) : 1
(8,4,5,10,3) : 1
(5,1,3,2,7,9,8,10,4,6) : 1
(3,5,9) : 1
(6,3,2) : 1
(2,9) : 76
(2,9,4,3) : 2
(7,2,5) : 4
(5,3,8,6,1) : 3
(3,8,9,2,10) : 1
(9,7,2,8,1,5,3,6,4,10) : 1
(8,10,5,4) : 1
(5,8,4,3,6,10,1,2,7) : 1
(5,2,9,7,8) : 2
(5,6,8,1,3,2,7,9,10,4) : 1
(2,4) : 9
(1,6,2,9,4) : 1
(8,10,2,3,4) : 1
(1,3,6,9,7,2) : 1
(1) : 59
(3,5,8,1,2) : 1
(5,2,7,9,1,3,4,6,8,10) : 1
(9,8,2,3,7) : 1
(3,5,1) : 5
(3,2,9,7,6,8,5,1,10,4) : 1
(7,9,2,5,4,10,8,6,1,3) : 1
(2,4,10,3) : 1
(8,5,3,2,6) : 1
(8,7) : 9
(2,7,3) : 10
(2,6,1,5) : 1
(9,3,1,6,10,5) : 1
(5,7,6,3) : 1
(1,8,2,9) : 1
(10,9,5) : 1
(3,2,5,7) : 1
(2,1,9,3) : 1
(8,10,2,7) : 2
(5,2,1,7) : 1
(2,8,7,9,6) : 1
(1,6,3,7) : 1
(8,9,7,1,2) : 1
(2,9,7,5,8,3,1,4,6,10) : 1
(8,3,6,1) : 1
(7,3,1,2) : 1
(9,2,3,7) : 1
(2,10,9) : 2
(8,9,10) : 2
(7,2,1,6,3,9,8,10,5,4) : 1
(5,6,7,2,9,1,3,8,4,10) : 1
(7,9,2,10,5,8) : 2
(8,6,3) : 2
(5,3,10,8,9) : 1
(2,7,3,8,10) : 1
(2,7,5,3,9,8) : 1
(5,6,2,7,3) : 1
(5,1,7,6) : 1
(10,3,4) : 2
(5,3,6,8,2) : 1
(5,9,7,2) : 6
(9,8,3,10) : 1
(1,3,8,10,6,4,9,5,2,7) : 1
(2,7,9,5,8,10,4,1,3,6) : 1
(5,6,1,4,3,8,7,2,10,9) : 1
(7,2,9,5,3,8,10) : 1
(4,3,6) : 1
(10,9,7,2) : 1
(2,5,6,7) : 1
(9,2,7,8,5,3) : 1
(1,3,5,6,2,7,8,9,4,10) : 1
(2,5,7,9,3,1,4,6,8,10) : 1
(5,6,7,1,9,2,8) : 1
(3,7,9) : 2
(1,5,6,2,7,9,3,4,8,10) : 1
(2,7,6,3) : 1
(6,3,5,4,8,1,7,2,9,10) : 1
(5,10,9,4) : 1
(8,5,7) : 2
(5,4,6,2,1,3,8,9,10,7) : 1
(1,9,6,2,7,8,5,3) : 1
(3,5,6,8,10,9,7,2,4,1) : 1
(7,2,9,3) : 5
(6,3,5,1) : 1
(2,9,7,6,1,3,4,5) : 1
(2,5,7,9,8,3,6,1,10,4) : 1
(5,10,4,8,3,1,6) : 1
(6,1,2,5) : 1
(8,10,5,3) : 1
(3,5,2) : 5
(5,1,8,9) : 1
(2,1,7) : 7
(10,1,8,3) : 1
(6,5,3,7,8) : 1
(6,8,1) : 2
(5,7) : 32
(5,1,7,3,9,2,6,4,8,10) : 1
(2,7,9,3,6,1,4,8,10,5) : 1
(7,9,2,3,8,10) : 1
(10,3,9,2,7) : 1
(3,5,6) : 2
(6,2,3,8,5) : 1
(5,1,2,3) : 3
(7,9,5,2) : 2
(4,10) : 50
(3,5,8,9) : 1
(10,9,2,1) : 1
(7,2,5,6,9) : 1
(2,9,5,3,8,7) : 1
(9,10,7,2,8) : 1
(7,1,2) : 6
(10,4,3) : 6
(5,9,2,7) : 2
(3,5,8,4) : 1
(1,6,5,8) : 1
(10,9,2) : 6
(5,3,10,8,6,1,2,7,9,4) : 1
(5,2,9,7,8,3,1) : 1
(5,1,6,7) : 1
(2,7,9,10,5,8) : 1
(7,1,5,3,6) : 1
(1,5,8,3,4,6,7,9,2,10) : 1
(5,8,4,7) : 1
(5,7,9,2,8) : 2
(2,5,7,3) : 3
(9,1,6,2) : 1
(1,3,6) : 6
(8,3,5,1) : 1
(3,5,6,9,7) : 1
(7,9,2,3) : 6
(3,5,8,9,6,1) : 1
(2,7,9,5,10,8,6,4,3,1) : 2
(8,3) : 34
(3,8,2,4) : 1
(1,5,8,4,3,6,9,2,7,10) : 1
(2,7,9,5) : 35
(9,5,7) : 8
(5,8,2,4) : 1
(3,2,1,7,9) : 1
(7,9,2,8,5,3,4,6,10,1) : 1
(8,4,7) : 2
(10,2,3,5) : 1
(5,2,3,8) : 1
(7,2,4) : 1
(8,9,2,3,5,7,10,4,1) : 1
(5,6,2,7) : 1
(8,1,2,5) : 1
(5,2,3) : 11
(5,3,6,1,8) : 1
(5,9,1,6) : 1
(10,6,2,3) : 1
(2,8,3,10,5) : 1
(7,2,8,9) : 3
(5,1,2,8) : 1
(8,4) : 2
(7,8,3,2,9) : 1
(6,5,4,3) : 1
(6,1,5,3) : 5
(9,4) : 3
(1,4,6,5) : 1
(2,8) : 22
(5,3,6,8,10,9,7,4,2,1) : 1
(3,5,6,8,2,1,7,9,4,10) : 1
(2,7,9,5,4,3,8,10,1,6) : 1
(1,3,6,8) : 1
(4,10,8,3,1,5,6,9,7,2) : 1
(5,7,2,8) : 1
(2,5,9,7) : 6
(2,7,5) : 25
(10,8,4) : 2
(2,5,3,8,6) : 1
(10,5,2) : 2
(8,10,9,7,2,1,3,4,6,5) : 1
(8,2,3,10,7,5,1,9,4,6) : 1
(1,8,3) : 2
(2,7,9,8,10,1,3,6,5,4) : 1
(5,2,10) : 3
(5,7,8,10,9,6,4,3,2,1) : 1
(5,3,8,6,2,7,9,1,4,10) : 1
(2,9,7,8,6,5,4,3,10,1) : 1
(5,1,3,4,6,8,7,9,2,10) : 1
(2,5,1,3,8,7) : 1
(5,8,2,6,1,3,7,9,4,10) : 1
(5,7,9,2) : 6
(2,9,1,6,7,4,5,8,10,3) : 1
(9,5,2,3) : 1
(8,5,1) : 3
(9,4,2) : 2
(5,2,7,9,6,3,1,8,10,4) : 1
(10,9,7,8,2,3) : 1
(2,8,3,10,9,7,4,6,1,5) : 1
(10,3,1) : 1
(2,7,9,1,3,10,8,4,6,5) : 1
(2,9,6,5,7) : 1
(7,3,8,5,2,9) : 1
(9,7,2,5,3,1,4,6,8,10) : 1
(6,7,9,1,2,5) : 1
(10,8,7,3) : 1
(9,7,2,8,5,3) : 1
(9,2,7,4,10,3,8) : 1
(7,2,3,4) : 1
(10,6,3) : 1
(3,1,2,8) : 1
(1,4,8) : 1
(7,6,2,9) : 2
(4,7,8,10,9,2) : 1
(3,2,5,7,8) : 1
(10,8,4,3,6,7,9,2,1,5) : 1
(2,7,9,8,3,4,6,10,5,1) : 1
(8,10,2) : 5
(9,7,8,2,1,6,4,3,10,5) : 1
(5,1,6,2) : 2
(9,10,2,3,4,5,6,7,8,1) : 1
(7,2,1) : 5
(3,7,2,9) : 2
(3,10,9) : 1
(1,6,3,2,7,9,5,8,10,4) : 1
(8,9,7,2,10,3,1,4,5,6) : 1
(2,1,8) : 2
(1,6,9,3) : 1
(5,7,1,9) : 1
(7,9,6,5,3,4,2,1,8,10) : 1
(5,7,8,2) : 3
(9,8,5) : 1
(2,7,5,3) : 1
(9,2,1,4) : 1
(2,9,6) : 1
(3,2,9,7) : 2
(1,5,2,9) : 1
(2,7,9,1,8) : 1
(5,6,8,1,3,9,7,2,10,4) : 1
(4) : 38
(7,8,3,5,2,4,6,9,10,1) : 1
(9,7,5,3,2,4,8,6,1) : 1
(5,7,2,4,8,9,10,3,1) : 1
(7,9) : 33
(9,7,2,5,8) : 2
(2,9,7,10) : 4
(3,6,1,5) : 2
(5,8,6,7) : 1
(9,8) : 14
(9,10,2,7,4,3,8,5,1,6) : 1
(3,5,6,1) : 1
(5,6,1,8) : 1
(9,6,7,5) : 1
(10,8,9,7) : 1
(5,6,1,7) : 1
(9,7,2,5,4,3,8,6,1,10) : 1
(9,2,6,3,7,8,4,1,5,10) : 1
(10,8,4,5) : 1
(9,8,4) : 1
(4,10,7,8) : 1
(8,2,9) : 2
(7,9,2,8,10) : 3
(10,8,2,5,6,7,9,3,4,1) : 1
(9,7,2,8,10,5,6,3) : 1
(5,9,3) : 2
(5,3,4,6) : 1
(3,7,8,1,2,9) : 1
(5,1,6,9,7,2) : 1
(5,8,9,10,4,3) : 1
(9,2,7,4) : 2
(3,9,2) : 2
(9,3,5,6,7,8,10,4,2,1) : 1
(10,4,5,1) : 2
(10,4,8,3) : 3
(3,8,4,9,7,5,2,6,1,10) : 1
(7,1,2,6,3,9) : 1
(7,2,9,8,3,5,10,1,4) : 1
(5,1,3,6,8) : 1
(6,8,3) : 1
(3,2,7,9,8) : 1
(6,5,1) : 2
(6,5,3,1,8) : 1
(10,5,9,1,2,7,8,6,4,3) : 1
(1,6,4,2,7,5,9,3,8,10) : 1
(2,7,9,3,8,5,6,4,1,10) : 1
(5,6,3,8,2,10,7,9,1) : 1
(8,5,2,9,7) : 1
(7,5,9) : 1
(5,7,9,2,1,3,4,6,8,10) : 1
(2,1,5,6,3) : 1
(9,2,7,5,4,8,6,3,1,10) : 1
(5,2,7,9,6,3,4,8,1,10) : 1
(7,4,6,9,8,10,5,2,1,3) : 1
(2,6,1,7,9) : 1
(5,7,9,2,10,8,6,3,4,1) : 1
(9,2,7,8,5) : 2
(2,9,7,8,1,3,4,6,10,5) : 1
(7,9,6,5,2,4,8,3,1,10) : 1
(9,2,7,3) : 9
(8,3,5,2,9) : 1
(3,2,8,6) : 1
(2,5,9,7,8) : 1
(2,7,9,4,8,10) : 1
(7,10,8) : 2
(5,6,8,2,7,9,10,3,4,1) : 1
(8,3,2,7,9) : 2
(7,3) : 12
(5,2) : 60
(4,9,10,3) : 1
(2,1,6,7,8,9,10,3,4,5) : 1
(7,9,2,4) : 3
(2,5,7,8,1,6,3,9) : 1
(6,7,9,1,5,2,8,3,4,10) : 1
(9,7,2,5) : 13
(10,8,9,3,2) : 1
(5,6,9,2) : 2
(3,7,8,10,2,9,1,6,4,5) : 1
(1,3,6,2) : 1
(8,3,2,4,7) : 1
(5,7,10) : 2
(6,8,10) : 1
(1,3,5) : 5
(5,6) : 34
(2,7,9,1,3) : 4
(10,9,2,4,8) : 2
(5,2,9,7,6,10,8,4,3,1) : 1
(7,5,9,8) : 1
(7,5,8) : 4
(3,5) : 20
(5,7,3,8) : 1
(8,10,9,3,7) : 1
(5,2,6,1) : 1
(2,7,9,5,6,3) : 1
(2,10,7) : 1
(5,1,2,3,7,8,9,10,6,4) : 1
(8,5,9,2) : 1
(9,7,8) : 4
(5,1,4) : 4
(5,7,8,3) : 1
(5,2,9,1) : 1
(2,3,8,10,1) : 1
(3,8,2) : 6
(5,3,2,9) : 1
(2,3,7,9,4,5,8,10,6,1) : 1
(1,7,5) : 1
(2,7,4,8,9,6,10,1,5,3) : 1
(9,1,2,6) : 2
(2,9,3) : 1
(5,9,2,8) : 1
(6,3,5,2) : 1
(9,2,7,8,4) : 2
(7,4,9) : 1
(9,7,3) : 1
(3,6,1,8,5) : 1
(3,8,2,10) : 1
(5,10,7,8,9,6,4,3,1,2) : 1
(2,5,1) : 10
(4,7,8) : 1
(2,5,3,7,9,10,8,6,4) : 1
(2,5,10,4) : 2
(5,3,6,4,1,8,7,10,9,2) : 1
(9,2,7,5,3) : 1
(9,6,2) : 4
(5,10,8,6) : 1
(2,7,9,1,10,8,6,3,4,5) : 1
(5,6,4,8,1,10,3,9,2) : 1
(5,6,7,1,2,9) : 1
(1,5,9) : 4
(7,9,2,5,3) : 1
(8,3,6) : 5
(5,2,1,9,7) : 1
(2,7,9,4,3,5,8) : 1
(7,5,6,1) : 1
(6,1) : 1
(5,6,8) : 7
(4,8,10,7) : 1
(2,7,8,3,9) : 1
(9,8,3) : 4
(7,8,2,3) : 2
(1,3,5,8,4,6,7,2,9,10) : 1
(10,4,9,8) : 1
(5,1,6) : 30
(8,4,10,3) : 1
(10,2,9) : 4
(5,8,7,2) : 5
(7,2,9,1,8,6,3,4,10,5) : 1
(9,5,3) : 3
(7,3,1) : 3
(10,2,9,4) : 1
(7,2,5,9,8,6,4,3,10,1) : 1
(5,7,2,9,3,8) : 1
(2,4,10,7) : 1
(9,4,7) : 2
(2,5,3) : 7
(4,5,2,6,9,8,7,3,10,1) : 1
(8,10,3) : 7
(8,3,2,7) : 1
(2,8,7) : 8
(7,8) : 8
(7,2,9,1,8,5) : 1
(10,2,5,7,3) : 1
(9,1,2,7) : 2
(8,3,1,9) : 1
(8,5,9,3) : 1
(5,9,2,10,6,7,1,3,8,4) : 1
(5,2,7,9,4,3,6,8,10,1) : 1
(5,9,7) : 7
(2,9,3,7,6) : 1
(9,7,2,5,8,3,6,1,4,10) : 1
(7,5,9,2) : 2
(5,1,3,6,7) : 2
(8,9,5,2) : 1
(9,3,7,2) : 2
(5,10,3,8,9,7,2,1,6,4) : 1
(3,1,7,6) : 1
(2,7,9,3,4) : 1
(6,3,1,7,2,9) : 1
(5,6,3,2) : 1
(2,9,7,8,3,1,5,6,10,4) : 1
(9,7,2,8,10,4) : 1
(5,7,6,9,3) : 1
(2,3,7,8) : 1
(6,9,7) : 1
(5,8,1,2,3,7,9,10,6,4) : 1
(10,8,4,2) : 1
(2,1,3) : 2
(2,7,9) : 707
(8,3,2) : 3
(2,6,1,3,5) : 1
(3,5,1,2,4,9,10,8,7,6) : 1
(5,3,10,8,1) : 1
(9,6,1,2,5) : 1
(9,7,2,3,10,8,4,5,6,1) : 1
(2,5,7,9,8,10,6,4,1,3) : 1
(7,9,2,8,10,5) : 1
(9,10,2,3,4) : 1
(5,2,1,3) : 1
(7,10,4) : 1
(8,5,10,2,3,9) : 1
(4,5,3,9) : 1
(5,6,2,7,9,8,1,3,4,10) : 1
(7,8,9,3,2) : 1
(1,2,7) : 2
(2,7,9,10,8,6,3,4,1,5) : 1
(5,2,8,7,3,9,1,6,4,10) : 1
(7,8,2) : 5
(8,2,9,7,5,3,1,4,10,6) : 1
(2,7,9,8,5,1,10,4,3,6) : 1
(7,9,8,6,5,2,1,3,4,10) : 1
(2,1,5,7,6,4,3,8,9,10) : 1
(9,10) : 6
(1,2,5) : 1
(8,3,9,2,7) : 1
(5,1,7,9) : 1
(6,7,9,2,1) : 1
(8,4,1,3) : 1
(5,9,6,4) : 1
(2,1,9,6,7) : 1
(5,6,9,2,7) : 1
(9,7,1,2) : 1
(8,3,5,7) : 1
(8,3,9,7) : 1
(4,8,1,3) : 1
(10,8,2,7) : 2
(9,2,7,5,8,3,4,1,10) : 1
(5,4,6,8,7,3,2,1,9,10) : 1
(1,5,4) : 2
(3,2,9,7,5) : 1
(8,7,2,5) : 1
(9,7,8,2) : 1
(6,5,7) : 1
(9,8,4,2) : 2
(7,1,9,10,4,2,8,3,6,5) : 1
(5,1,7,9,6) : 1
(3,7,8,5) : 1
(2,7,5,10) : 1
(5,3,8,6,1,2,7,9) : 1
(5,10,7) : 3
(2,9,7,3) : 15
(5,8,6,4,3,1,2,7,9,10) : 1
(5,10,9) : 3
(2,7,9,6,4,1,8,3,5,10) : 1
(3,2,9,8,7,10,6,5,4,1) : 1
(2,7,9,3,8,10,4,5,6,1) : 1
(6,1,5,2,9,8) : 1
(2,9,7,5,3) : 1
(10,8,9,5) : 1
(1,5,2,3,6,7,8,9,4,10) : 1
(7,2,6,1) : 1
(5,2,8,6) : 1
(2,3,5,7,9) : 1
(2,9,7,3,5) : 1
(7,8,10,6,9,5,4,3,2,1) : 1
(7,9,2,3,8) : 1
(5,2,7,9,8,10,1,3,4,6) : 1
(8,2,7,9,10,3) : 1
(3,2,5,9,4,7,6,1,8,10) : 1
(8,3,9) : 2
(5,7,4,2) : 1
(2,6,1,3) : 1
(8,2) : 13
(1,3,10) : 1
(7,10,9,5,4,2,3,1,8) : 1
(5,8,1,6,7,9,3,2,10,4) : 1
(9,7,2,4,5) : 1
(10,5) : 16
(2,7,8,10,5,3,4,9,6) : 1
(2,5,7,9,3,8) : 1
(10,4,1,7) : 1
(9,10,2,7) : 1
(5,2,7,9,10,3,8,6,1,4) : 1
(5,1,2,3,4,6,7,8,9,10) : 1
(7,2,4,9,6,5,1,3,8,10) : 1
(7,2,10,5) : 1
(9,2,7,8,1,3,6,5,4,10) : 1
(9,6,4,1) : 1
(4,2,9) : 2
(5,2,7,10) : 1
(2,9,8,10,7,5,4,3,6,1) : 1
(9,4,1) : 1
(7,2,5,9,3,8,6) : 1
(1,5,3,8,10,6,9,7,4,2) : 1
(9,2,5,10) : 2
(10,4,8,5) : 2
(8,6,3,7) : 1
(9,2,1,7) : 3
(7,8,9) : 1
(2,3,5) : 4
(9,4,7,3) : 1
(5,3,6,1,8,2,7,9,10,4) : 1
(5,7,9,1,2,4,3,6,10,8) : 1
(2,9,4,5) : 1
(9,2,7,8,1) : 2
(8,1,3,5) : 1
(8,9,2,7) : 4
(9,2,7,1,3,4,10,8,6,5) : 1
(8,3,6,2) : 1
(5,7,1,2) : 1
(10,3,8,4) : 1
(9,7,2,10) : 1
(8,3,1,5,6,4) : 1
(1,6,9,2) : 1
(1,6,5,3,2,8,9) : 1
(9,1,7,3,2,6,5,8,4,10) : 1
(2,9,3,1,8) : 1
(7) : 247
(5,8,7) : 4
(7,5,3,2,8,9,6,1) : 1
(10,4,9) : 2
(2,5,10,8) : 1
(7,8,2,1,6,9,3,5) : 1
(9,8,2,7) : 1
(10,7,9,4,8,2,1,3,5,6) : 1
(2,7,10,8,4) : 1
(9,2,5,7,1,3,4,6,8,10) : 1
(10,2,4,7,9,3,8,1,6,5) : 1
(9,7,5,8) : 1
(2,7,9,1,3,6,8,10,4) : 1
(9,7,2,6,10,8,5,3,1,4) : 1
(3,6,5) : 1
(7,1,9,2) : 1
(1,5,2,6,7,9,4,3,8,10) : 1
(5,8,3,2,1,7,9,6,10,4) : 1
(3,2,9,8,7,6,1,4,5,10) : 1
(5,3,1,8,6,7,2,9) : 1
(9,2,7,10,1,5,8,3,4) : 1
(3,5,4) : 1
(5,9,7,2,8,3,10,6,4,1) : 1
(3,2,7) : 3
(9,5,3,2,7) : 1
(5,3,7,2,9,8,6,1,10,4) : 1
(7,8,9,3,10,2,1,4,6,5) : 1
(2,10,9,7,5,8,1,3,4,6) : 1
(5,2,6,7) : 1
(2,7,9,8,3,10,4,1,6,5) : 1
(5,8,2,3) : 2
(2,7,3,5) : 1
(9,2) : 75
(2,7,9,3,8,6) : 1
(5,1,3,7) : 1
(10,4,2) : 3
(4,10,2) : 2
(5,8,9,3,1,2,7,6,10,4) : 1
(7,5,2,9,8) : 1
(5,3,4,6,10,8,9,7,2,1) : 1
(7,2,3) : 7
(5,9,6,3,8) : 1
(2,5,1,6) : 2
(9,3,2) : 2
(5,9,2) : 14
(3,5,6,10) : 1
(2,4,8,10,3) : 1
(5,8,3,2,9,7,4,10) : 1
(5,3,8) : 30
(3,4,5,7,6,8) : 1
(2,7,5,1) : 1
(10,8,7) : 2
(5,8,2,7,9,6,3,10,4,1) : 1
(5,1,2) : 12
(9,3,4) : 1
(2,7,5,10,4) : 1
(2,7,9,3,8,5,1,4,6,10) : 1
(4,2,10) : 1
(5,10) : 30
(5,1,3) : 23
(9,5,4) : 1
(5,9,6) : 1
(9,5,10) : 1
(2,5) : 48
(7,4,10,2,9) : 1
(9,2,7,8,10) : 1
(7,1,2,5) : 1
(5,10,2,8) : 2
(2,6,1,7) : 1
(5,1,6,8) : 5
(2,5,7,1,9) : 1
(8,5,2) : 2
(1,3,7) : 1
(8,3,2,7,10,9) : 1
(1,6,3,2) : 1
(4,2) : 3
(10,2,4,3,8,5,1) : 1
(10,5,7) : 1
(3,2,1,6,8,7,5,9,10,4) : 1
(5,9,1,2,7,6,3,8,10,4) : 1
(2,7,8,9,10,6,4,5,3,1) : 1
(8,9,3) : 2
(2,8,10,3) : 1
(4,10,3,9,2) : 1
(2,6,9,7) : 2
(5,6,1,4) : 1
(2,9,8,5) : 1
(10,4,5,8,9,3,7,2,6,1) : 1
(6) : 26
(9,5,4,7) : 1
(9,10,7,3,2,8,4,6,1,5) : 1
(2,6,7) : 5
(9,10,5) : 2
(5,10,4,8) : 2
(2,7,9,10) : 10
(7,2,9,1) : 6
(9,4,3) : 1
(4,10,1) : 2
(5,7,9) : 22
(3,1,5,7,9,2,6,8,4,10) : 1
(1,7) : 2
(9,10,5,8,4) : 1
(9,10,8,5,3,2,1,4,6,7) : 1
(7,9,8,5,2) : 1
(2,9,7,10,8) : 1
(4,10,6,1) : 1
(1,5,3,2,7,8,9) : 1
(8,10,4,1,6,3,5,7,9,2) : 1
(7,1,3,8,4,6,2,9,5,10) : 1
(1,3,5,8,6) : 1
(9,2,7,1,5,6,4,3,8,10) : 1
(5,3,10,8,9,2,4,7,6,1) : 1
(9,2,7,3,8) : 1
(5,8,9,3,2,1,6,7,10,4) : 1
(2,7,8,9,5,1,6,3,4,10) : 1
(3,7) : 7
(2,10,8,9,7,5) : 1
(7,5,2,9,3,8,4,6,1,10) : 1
(9,7,8,2,3,10,4,5,6,1) : 1
(1,7,2,10) : 1
(9,2,5,7,6,8,10,4,3,1) : 1
(5,7,3) : 5
(5,8,10,9,7,3,4,1,6,2) : 1
(10,7,9,2) : 2
(7,4,5) : 1
(5,1,8) : 9
(1,6,3,9,2,7,8,5,10,4) : 1
(5,7,2) : 12
(8,2,9,5) : 1
(9,1,5) : 5
(7,5,1,8) : 1
(2,9,7,4) : 4
(7,2,9,5,3) : 1
(8,3,5,9) : 1
(1,6,8,4,9) : 1
(2,5,7,9,3,4) : 1
(3,6,10,5) : 1
(2,7,5,9) : 3
(7,2,9,5,1) : 1
(2,7,8,3,5,9) : 1
(9,5,8,3) : 1
(5,1,8,6,4,3,2,9,10,7) : 1
(5,2,8,7) : 1
(9,2,7,5,4) : 1
(2,7,9,8,3,6,5,1,10,4) : 1
(8,5,9,6,3,10,2,7,4,1) : 1
(3,6,5,8,1,2,4,7,9,10) : 1
(8,7,9,2,5,3,4,10,1,6) : 1
(2,4,5,10) : 1
(7,9,3,2) : 3
(9,4,8,3) : 1
(3,6,8,2) : 1
(7,2,6,1,9) : 1
(5,9,1,2,6,7) : 1
(9,7,2,3,5) : 1
(6,3) : 6
(3,8,4,5,10,1,6) : 1
(7,6,5,3) : 1
(8,2,5,1) : 1
(8,2,5,7,10) : 1
(10,7,2,9) : 1
(5,6,8,10,9,7,4,3,2,1) : 1
(5,10,6) : 4
(8,10,9,2) : 1
(3,8,7,9,10) : 1
(4,10,7) : 2
(7,2,10,9,5) : 1
(10,3,7) : 1
(1,9,5) : 1
(5,8,9,2) : 1
(5,9,8,3,10) : 1
(4,10,3) : 5
(1,6,10,5,4,3,2,7,8,9) : 1
(2,6,1,9) : 1
(9,6,4,2) : 1
(1,5,6,8,10,4,3) : 1
(2,7,9,1) : 20
(2,5,7,8,9,4,3,1,6,10) : 1
(5,8,1,6) : 1
(2,1,3,5) : 2
(10,4,5) : 3
(8,3,1) : 1
(9,1,2) : 4
(8,3,5,7,4) : 1
(7,3,2,5,9) : 1
(9,10,8) : 5
(2,5,1,7,9) : 1
(5,6,8,4,7,9,10,3,2,1) : 1
(7,6,5,1,3) : 1
(7,5,4) : 1
(7,9,2,1,3,8,10,4,6,5) : 1
(1,9,7,2) : 2
(10,5,8,6) : 1
(5,6,4) : 5
(5,7,4,8,3,2,1,6,10,9) : 2
(5,8,10,3,1,6,4,7,9,2) : 1
(10,8,1,5) : 1
(7,2,3,9) : 3
(9,2,4,6,7) : 1
(3,2,7,8) : 3
(9,2,7,10,4,8,3,5,6,1) : 1
(3,5,8,2,7,9) : 2
(9,2,7,5,3,8) : 1
(2,1,4) : 2
(9,1,5,2,7,3,4,6,8,10) : 1
(1,5,6,9) : 1
(5,8,3,2) : 6
(2,8,10,5,3) : 1
(9,2,1,5) : 1
(8,5,2,3) : 1
(9,2,5) : 12
(5,6,2) : 3
(1,2,9,7) : 1
(9,7,2,1,8,3,5,6,4,10) : 1
(3,7,10,8,9) : 1
(4,5,6,1) : 1
(5,2,8,10,9,1,3,7,4,6) : 1
(4,5,7,9,8,10,2,3,1,6) : 1
(3,9,8,2,7,10,1,6,4,5) : 1
(2,9,8) : 3
(2,5,7,9,8,4,3,1,10) : 1
(2,7,6,9) : 1
(2,8,9) : 7
(2,8,9,5,1,3,6) : 1
(5,2,1,8,7,6,3,9,10,4) : 1
(3,5,7,8) : 2
(5,2,7,3,6,8,9,1,10,4) : 1
(9,5,3,1,8,7,2) : 1
(8,7,9,2) : 2
(8,2,7,9,3) : 1
(2,9,5,1,3,8) : 1
(1,5,6,3,8,4,10,9,7,2) : 1
(9,7,6,4,5,3,2,1,8,10) : 1
(4,8,3) : 1
(9,5,1,8,3,7,2,6) : 1
(4,5,2,7,9,1,10,6,3) : 1
(2,5,9,3,7) : 1
(1,3,5,6) : 2
(9,2,7,1,6,8) : 1
(5,7,9,6,4,2,8,10,3,1) : 1
(9,2,7,1,3,6,8,10,4,5) : 1
(5,10,4) : 6
(10,3,5,4) : 2
(2,5,9,7,10,8,6,4,3,1) : 1
(9,7,2,8,4,1,3,6,5,10) : 1
(5,8,10,1,3,6) : 1
(9,8,5,1) : 1
(5,10,3,7) : 2
(8,2,4) : 1
(10,2,7,9,8,5,4,3,6,1) : 1
(10,3) : 16
(8,2,9,10,7,6,5,1,3,4) : 1
(3,1,5,8,6,7,2,9,10,4) : 1
(10,8,3,2,7,9,5,4,6,1) : 1
(8,7,2,3,5,9,10,6,4,1) : 1
(3,5,8,2,1,6,7) : 1
(10,8,4,3,5) : 1
(2,7,10,8,3,4) : 1
(2,9,4,7,10,8) : 1
(9) : 448
(8,3,2,5) : 1
(9,7,5,2,1) : 1
(2,7,5,8,9,10,6,4,3,1) : 1
(7,9,8,3) : 1
(4,10,3,5,2,8,9,7,6,1) : 1
(10,3,5) : 1
(10,4,3,1,7,8,9,2,6,5) : 1
(8,10,9) : 1
(7,1,5,2) : 1
(8,5,2,7,9) : 1
(5,2,8,9,7,6,1,3,10,4) : 1
(7,8,9,5,2,3,4,10,6,1) : 1
(2,7,3,8,5) : 1
(5,1,9,4) : 1
(5,2,1) : 11
(6,2,5,7) : 1
(5,1,2,4) : 2
(1,5,6,7,2,3,9) : 1
(9,5,3,1,8,2,6,7,4,10) : 1
(2,6,8) : 3
(4,2,3) : 1
(2,9,7,5,10,8,1,4,3,6) : 1
(5,3) : 87
(9,7,2,6) : 2
(2,8,7,10) : 1
(5,2,9) : 18
(10,9,5,4) : 1
(9,4,5) : 1
(9,4,7,2,3) : 1
(3,9,7,10,8,1,2,4,5,6) : 1
(2,3,4,6,7) : 1
(5,4,1,2,7,9,6,3,8,10) : 1
(5,1,4,6) : 1
(5,9,2,6,1) : 1
(1,2,9,7,5) : 1
(9,8,2,7,3,5,4,6,1,10) : 1
(3,7,9,2,5,6,10,8,1,4) : 1
(3,1,6,5,8,9,10,7,2,4) : 1
(2,7,9,5,10,6,8,4,3,1) : 1
(4,10,8,7) : 1
(2,10,5) : 1
(8,5,3,1,6) : 1
(5,2,7,9,8) : 2
(5,9,3,2,1,6,7,8) : 1
(9,7,1) : 2
(2,8,7,5) : 2
(9,5,7,3,2,1,8,4,6,10) : 1
(2,3,4,5,6,7,8,9,10,1) : 1
(9,4,8) : 1
(9,7,2,6,4,5,8,10,1,3) : 1
(2,5,9) : 11
(8,9,1,3,5) : 1
(5,2,9,1,6) : 1
(5,3,6,1,7,2) : 1
(5,3,1,2,7,6,9) : 1
(5,7,9,2,3,4,6) : 1
(1,5,6,8,3,4,10,7,9,2) : 1
(7,2,9,1,3,8) : 1
(4,2,7) : 3
(5,7,6,8,4,2,1,3,9,10) : 1
(8,9,2,3,7) : 2
(3,9,5) : 3
(7,1,5) : 1
(8,5,10,2) : 1
(10,5,2,9) : 1
(5,10,8) : 9
(8,7,9) : 2
(5,8,3,4,6,1,2,7,9,10) : 1
(3,8) : 32
(7,2,9,1,3) : 1
(1,6,3,7,4,5,8,9,10) : 1
(2,3,4,5,6,7,8,9) : 1
(5,8,9,2,7,4,3,6,1,10) : 1
(9,3,2,5,7) : 1
(5,3,10,2) : 1
(9,5,7,2,1,10,8,6,3,4) : 1
(7,8,2,9,5,3,1,4,6,10) : 1
(6,4,3) : 1
(5,1,3,4,6,7,8,9,10,2) : 1
(1,6,5,2,9) : 1
(10,8,2,9,7,5,3,6,1) : 1
(2,3,5,6) : 1
(7,3,2,9) : 1
(7,2,5,9) : 4
(7,9,2,5,10,3,8,4,1,6) : 1
(3,2,6) : 2
(8,4,2) : 1
(5,2,6) : 3
(8,5,1,3) : 1
(9,7,5) : 7
(1,5,4,9,8,6,7,3,2,10) : 1
