4,2,1,0,3
4,2,1,0,3
4,2,1,0,3
Informal,0
-+-+-+-+-
(1,3,0) : 149
(3,1,0) : 162
(3,1,2) : 118
(3) : 229
(1,0,2) : 129
(3,2) : 75
(1,3) : 89
(0,3,1) : 143
(3,0,1) : 121
(2,0) : 43
(2,1,0) : 55
(0,3) : 94
(1,3,2) : 93
(0,1) : 78
(3,1) : 121
(2,0,1) : 47
(1) : 198
(3,2,0) : 119
(0,1,2) : 112
(3,0,2) : 107
(3,2,1) : 166
(2,3) : 64
(2,3,0) : 157
(2,1,3) : 58
(2,3,1) : 75
(2,0,3) : 183
(2,1) : 22
(1,2,0) : 70
(0,3,2) : 134
(0,2) : 45
(0,2,1) : 68
(3,0) : 96
(0,2,3) : 153
(1,0,3) : 217
(0) : 170
(1,0) : 112
(2) : 128
(1,2,3) : 69
(1,2) : 35
(0,1,3) : 193
