0,1,2,3
Carol Becker,David B. Wheeler,John Edwards,UWI
Carol Becker,David B. Wheeler,John Edwards,UWI
Informal,36234
-+-+-+-+-
(0,1) : 28951
(1) : 7031
(0) : 17231
(1,0) : 10786
(2,0,1) : 92
(0,1,3) : 1643
(1,2) : 492
(1,0,3) : 704
(1,3) : 138
(2,1) : 618
(3,0,1) : 65
(2,0) : 60
(2,1,0) : 147
(2) : 574
(1,2,0) : 71
(3) : 540
(2,3,1) : 5
(0,3) : 188
(3,1,0) : 27
(1,3,0) : 27
(1,0,2) : 37
(0,3,1) : 40
(0,2) : 46
(0,1,2) : 44
(2,3) : 16
(3,0) : 17
(0,2,1) : 18
(2,1,3) : 25
(3,2) : 8
(3,1) : 22
(1,3,2) : 1
(1,2,3) : 25
(0,2,3) : 2
(2,0,3) : 2
(3,1,2) : 1
