0,1,2,3,4
CAROL J. BECKER,DAVID B WHEELER,DAVID PASCOE,DOUGLAS SEMBLA,UWI
CAROL J. BECKER,DAVID B WHEELER,DAVID PASCOE,DOUGLAS SEMBLA,UWI
Informal,31246
-+-+-+-+-
(0) : 7899
(0,1) : 5195
(0,2) : 430
(0,3) : 262
(0,1,2) : 3538
(0,1,3) : 1926
(0,1,4) : 75
(0,2,1) : 1567
(0,2,3) : 896
(0,2,4) : 12
(0,3,1) : 1227
(0,3,2) : 834
(0,3,4) : 15
(0,4) : 61
(0,4,1) : 7
(0,4,2) : 3
(0,4,3) : 2
(1,0) : 7283
(1,0,2) : 2732
(1,0,3) : 1154
(1,0,4) : 78
(1) : 2838
(1,2) : 219
(1,3) : 71
(1,2,0) : 853
(1,2,3) : 452
(1,2,4) : 6
(1,3,0) : 356
(1,3,2) : 305
(1,3,4) : 4
(1,4,0) : 5
(1,4,3) : 1
(1,4) : 13
(2,0) : 292
(2,0,1) : 687
(2,0,3) : 498
(2,0,4) : 9
(2,1,0) : 572
(2,1) : 166
(2,1,3) : 370
(2,1,4) : 7
(2) : 2526
(2,3) : 148
(2,3,0) : 231
(2,3,1) : 241
(2,3,4) : 6
(2,4,0) : 4
(2,4,1) : 2
(2,4,3) : 2
(2,4) : 52
(3,0) : 133
(3,0,1) : 300
(3,0,2) : 238
(3,0,4) : 12
(3,1,0) : 223
(3,1) : 54
(3,1,2) : 277
(3,1,4) : 1
(3,2,0) : 184
(3,2,1) : 134
(3,2) : 67
(3,2,4) : 5
(3) : 656
(3,4,0) : 2
(3,4,1) : 1
(3,4,2) : 2
(3,4) : 19
(4) : 343
(4,0,1) : 10
(4,0,2) : 6
(4,0,3) : 3
(4,0) : 16
(4,1,0) : 10
(4,1) : 2
(4,1,2) : 1
(4,1,3) : 4
(4,2,0) : 4
(4,2,1) : 4
(4,2,3) : 1
(4,3,0) : 3
(4,3,1) : 1
(4,3,2) : 3
(4,3) : 3
(4,2) : 1
