0,1,2,3,4
Steve Brandt,"Samantha ""Sam"" Pree-Stinson",Pine Salica,Kevin Nikiforakis,UWI
Steve Brandt,"Samantha ""Sam"" Pree-Stinson",Pine Salica,Kevin Nikiforakis,UWI
Informal,49712
-+-+-+-+-
(0) : 23165
(2,0) : 2518
(2) : 4860
(1,3,0) : 881
(0,2) : 4254
(1,0) : 1731
(0,2,3) : 914
(0,2,1) : 2229
(1,2,0) : 3318
(3) : 2262
(0,1,2) : 2389
(1,2) : 3179
(1) : 9309
(3,1,2) : 517
(4) : 679
(2,0,1) : 2140
(3,0) : 470
(0,4) : 206
(1,0,2) : 2013
(0,1) : 2609
(0,3) : 1445
(3,0,2) : 530
(2,1) : 3336
(2,1,0) : 5358
(2,3) : 131
(1,2,3) : 2361
(2,0,3) : 643
(1,0,3) : 1441
(0,3,2) : 1306
(1,3,2) : 847
(3,0,1) : 607
(0,3,1) : 2250
(2,1,4) : 77
(1,4) : 81
(2,4) : 37
(1,2,4) : 84
(2,3,1) : 368
(3,2) : 125
(0,1,3) : 1716
(2,3,0) : 231
(3,1,0) : 428
(2,1,3) : 1042
(3,2,0) : 279
(2,0,4) : 34
(3,2,1) : 311
(3,1) : 223
(1,3) : 301
(0,3,4) : 76
(4,2,1) : 5
(0,4,2) : 3
(0,2,4) : 65
(0,1,4) : 35
(4,0) : 12
(4,1) : 5
(3,4) : 27
(3,0,4) : 24
(4,0,1) : 6
(1,0,4) : 36
(4,3) : 5
(0,4,3) : 4
(4,2) : 3
(2,3,4) : 7
(0,4,1) : 6
(4,0,2) : 7
(4,1,2) : 12
(4,0,3) : 10
(1,3,4) : 6
(1,4,2) : 5
(3,2,4) : 5
(4,3,0) : 2
(4,2,0) : 4
(2,4,1) : 1
(1,4,3) : 3
(4,1,3) : 2
(3,1,4) : 6
(3,4,2) : 1
(4,2,3) : 1
(1,4,0) : 1
(4,3,2) : 1
(2,4,0) : 3
(4,3,1) : 1
