0,1,2,3,4,5,6
BEC,MAR,SWA,TOW,WHE,WIL,UWI
BEC,MAR,SWA,TOW,WHE,WIL,UWI
Informal,15771
-+-+-+-+-
(6) : 203
(0,6,2) : 1
(0,6) : 40
(0,6,3) : 2
(0,1,6) : 6
(0,1,2) : 100
(0,1,3) : 193
(0,1,4) : 259
(0,1,5) : 136
(0,1) : 257
(0,6,5) : 2
(0,6,4) : 1
(0,2,6) : 2
(0,2,1) : 71
(0,2,3) : 73
(0,2,4) : 172
(0,2,5) : 93
(0,2) : 104
(0,3,6) : 14
(0,3,1) : 179
(0,3,2) : 144
(0,3,4) : 524
(0,3,5) : 549
(0,3) : 1110
(0,4,6) : 12
(0,4,1) : 487
(0,4,2) : 173
(0,4,3) : 587
(0,4) : 1257
(0,4,5) : 626
(0,5,6) : 11
(0,5,1) : 132
(0,5,2) : 99
(0,5,3) : 305
(0,5,4) : 456
(0,5) : 598
(0) : 7952
(6,4,1) : 1
(6,2,0) : 2
(6,4,0) : 1
(6,1) : 1
(6,4) : 1
(6,0,4) : 1
(6,5) : 1
(6,5,1) : 1
(6,0) : 3
(6,4,5) : 1
(6,0,1) : 2
(6,0,5) : 2
(1,6) : 12
(1,0,6) : 2
(1,0,2) : 32
(1,0,3) : 54
(1,0,4) : 101
(1,0,5) : 65
(1,0) : 124
(1,6,4) : 2
(1,6,5) : 1
(1,2,0) : 28
(1,2,6) : 2
(1,2,3) : 24
(1,2,4) : 28
(1,2,5) : 24
(1,2) : 53
(1,3,0) : 46
(1,3,6) : 1
(1,3,2) : 25
(1,3,4) : 25
(1,3,5) : 9
(1,3) : 38
(1,4,0) : 84
(1,4,6) : 3
(1,4,2) : 41
(1,4,3) : 25
(1,4,5) : 43
(1,4) : 175
(1,5,0) : 43
(1,5,2) : 22
(1,5,3) : 52
(1,5,4) : 30
(1,5) : 59
(1) : 1505
(6,0,3) : 2
(6,3,4) : 2
(6,2) : 1
(6,5,0) : 1
(2,0,1) : 14
(2,0,6) : 1
(2,0,3) : 23
(2,0,4) : 35
(2,0,5) : 44
(2,0) : 32
(2,1,0) : 18
(2,1,6) : 1
(2,1,3) : 18
(2,1,4) : 22
(2,1,5) : 21
(2,1) : 30
(2,3,0) : 21
(2,3,6) : 3
(2,3,1) : 13
(2,3,4) : 10
(2,3,5) : 14
(2,3) : 18
(2,4,6) : 1
(2,4,0) : 33
(2,4,1) : 41
(2,4,3) : 15
(2,4) : 29
(2,4,5) : 29
(2,5,0) : 41
(2,5,1) : 15
(2,5,3) : 24
(2,5,4) : 19
(2,5,6) : 2
(2,5) : 21
(2) : 367
(3,0,6) : 7
(3,0,1) : 74
(3,0,2) : 79
(3,0,4) : 184
(3,0,5) : 131
(3,0) : 339
(3,6) : 4
(3,1,0) : 36
(3,1,2) : 22
(3,1,4) : 20
(3,1,5) : 16
(3,1) : 21
(3,2,0) : 33
(3,2,1) : 30
(3,2,4) : 24
(3,2,5) : 13
(3,2) : 14
(3,4,0) : 95
(3,4,1) : 39
(3,4,6) : 2
(3,4,2) : 17
(3,4,5) : 49
(3,4) : 70
(3,5,0) : 58
(3,5,1) : 21
(3,5,6) : 1
(3,5,2) : 12
(3,5,4) : 33
(3,5) : 35
(3) : 844
(4,6) : 11
(4,0,6) : 12
(4,0,1) : 202
(4,0,2) : 94
(4,0,3) : 281
(4,0) : 824
(4,0,5) : 350
(4,1,0) : 229
(4,1,6) : 3
(4,1,2) : 37
(4,1,3) : 53
(4,1,5) : 129
(4,1) : 736
(4,6,0) : 1
(4,2,0) : 37
(4,2,1) : 33
(4,2,3) : 26
(4,2) : 33
(4,2,5) : 35
(4,3,0) : 129
(4,3,6) : 2
(4,3,1) : 48
(4,3,2) : 24
(4,3,5) : 54
(4,3) : 73
(4,5,0) : 196
(4,5,6) : 1
(4,5,1) : 67
(4,5,2) : 63
(4,5,3) : 65
(4,5) : 147
(4) : 2112
(5,6) : 9
(5,0,6) : 2
(5,0,1) : 75
(5,0,2) : 63
(5,0,3) : 118
(5,0,4) : 263
(5,0) : 339
(5,6,4) : 1
(5,6,0) : 2
(5,1,0) : 31
(5,1,2) : 17
(5,1,3) : 13
(5,1,4) : 44
(5,1) : 25
(5,2,0) : 19
(5,2,1) : 15
(5,2,3) : 14
(5,2,4) : 24
(5,2) : 23
(5,3,0) : 94
(5,3,6) : 2
(5,3,1) : 20
(5,3,2) : 28
(5,3,4) : 37
(5,3) : 45
(5,4,0) : 136
(5,4,1) : 49
(5,4,2) : 36
(5,4,3) : 48
(5,4) : 99
(5) : 1259
