1,2,3,4,5,6,7,8
1,2,3,4,5,6,7,8
1,2,3,4,5,6,7,8
Informal,0
-+-+-+-+-+-+-+
(1,5,7) : 11
(5,7,8,3) : 2
(1,8,2,3) : 2
(6,3,1,7,2,5,8,4) : 1
(7,1,6,2) : 2
(3,6,4,7) : 1
(8,4,5,1,6,2,3,7) : 1
(5,8,4,3) : 3
(8,2) : 9
(8,5,7,2,3,6,1,4) : 3
(2,3,7,8,5) : 1
(3,8,6,4) : 4
(6,7,8) : 1
(7,6,2,3,1,5,8,4) : 1
(3,4,5) : 10
(5,1,3,2,4) : 1
(5,6,8,1) : 1
(3,6,8,5,1,7,2,4) : 1
(6,1,5,8) : 4
(1,8,7,5,3,2,4,6) : 1
(3,1,7) : 5
(5,7,1) : 6
(2,7,1,3) : 1
(6,2,1,3,7,8,5,4) : 1
(1,3,7,2,6,5,8,4) : 1
(8,5,3,4,6,7,2,1) : 1
(3,4,6,1,2,8,7,5) : 1
(4,3,6,1,8,5,2,7) : 3
(1,6,2) : 16
(4,3,5,8,6) : 2
(5,6,7,8,2,1,3,4) : 1
(1,5,3,2,4,6,7,8) : 1
(3,6,1,4) : 9
(5,1,7,8) : 2
(8,7,2) : 6
(1,4,2,6) : 1
(1,5,8,6,2,7,3,4) : 1
(3,6,5,4,8) : 1
(8,5,7,2,1,3,6,4) : 1
(1,4,2,3) : 1
(7,3,1,8) : 1
(8,5,7,6) : 4
(5,8,4) : 5
(6,3,5,2) : 1
(5,1,7,3) : 1
(1,8,5,7,6,3,4,2) : 1
(2,7,3,5,8,6,4,1) : 1
(6,1,2) : 5
(1,5,8,6) : 5
(5,1,6,3) : 1
(1,8,5,6,7,4,3,2) : 1
(2,5,8,6) : 1
(8,7,1,5) : 2
(1,3,6,8,4,2,7,5) : 1
(5,6,3,7,2) : 1
(4,3,2,8) : 1
(4,3,1,2,8,5,6,7) : 1
(4,6) : 39
(6,7,3,1) : 2
(1,3,5,6) : 5
(5,8,1,3) : 9
(2,1,7,6) : 1
(4) : 369
(1,7,8) : 8
(7,1,6,5,3) : 1
(5,8,7,1,3,2,4,6) : 1
(5,4,6) : 2
(1,2,4,7) : 1
(8,5,1,3) : 13
(1,5,2,8) : 1
(1,2,7,8,5,6,4,3) : 1
(8,4,6) : 1
(8,7,1,2) : 1
(2,1) : 19
(5,7,2) : 1
(8,5,2,7,6) : 1
(1,5,2,7,8) : 2
(4,5,3,1,2,6,8,7) : 1
(5,1,3,6) : 2
(1,6,2,8,3,7,4,5) : 1
(1,4,2,5) : 1
(5,7,8,3,1,2,6) : 1
(1,3,5,6,8,7,4) : 2
(3,6,1,4,8,5,2,7) : 1
(8,5,6,1,3,2,7,4) : 1
(8,2,5,7) : 1
(5,1,3,8,6,2,4,7) : 1
(1,7,2,4,8,6,3,5) : 1
(3,7,6,1,2) : 1
(1,3,8,4,7,6,2,5) : 1
(8,1,5,6) : 2
(8,5,4,2,1,3,7,6) : 1
(8,5,2,1,6,7,3,4) : 1
(3,6,2,7,5,8) : 1
(1,8,5,4,2,3,6,7) : 1
(3,4,8) : 25
(2,8) : 2
(2,8,6,1,4,3,5,7) : 1
(3,6,8,5,7,4,2,1) : 1
(1,4,3,6,2,5,7,8) : 1
(7,6,5,4,3,2,1) : 1
(1,7,6,8) : 1
(3,2,5,8) : 1
(2,6,3,7,1) : 1
(3,6,4,2,8,5,1,7) : 1
(1,8) : 54
(3,4,2,7,6,1,5,8) : 1
(3,5,6,1,2) : 1
(6,2,1,8,3,7) : 1
(3,6,8,1) : 3
(1,4,3,6) : 8
(5,8,6,3,4,7,2,1) : 1
(5,1,3,4) : 3
(5,8,6,7) : 4
(1,5,8,2,3,4,7,6) : 1
(5,3,6,1,4,2,7) : 1
(8,3,1,5,2,4,7,6) : 1
(3,2,1,7,6,4,5,8) : 1
(1,2,3,7,6,8,5,4) : 1
(7,2,5,1,3,8,6,4) : 1
(7,2,1) : 8
(1,3,2,6,7) : 1
(5,7,6,3) : 1
(8,5,1,2,3,7,6,4) : 1
(7,2,3,1) : 1
(8,5,6) : 34
(7,1,2) : 5
(8,5,1,2,7,3,4,6) : 1
(3,6,2,5,8) : 1
(5,8,6,2,1,4,3,7) : 1
(5,8,3,2,6,7,4,1) : 1
(3,1,6,4,8,2,7,5) : 1
(8,5,3,7,6,2) : 1
(6,1,2,7,3,5) : 1
(3,8,5,6,4,7,1,2) : 1
(6,3,7,1) : 1
(8,7,5,2) : 3
(5,1,8,3,4,6,2,7) : 1
(1,7,3,8) : 3
(6,7,5,3,8,2,4,1) : 1
(6,8,5,3) : 7
(5,8,4,6,2,7,1,3) : 1
(8,5,7,3) : 1
(8,6,7,5) : 2
(6,1,2,3,7) : 1
(2,6,7,3,1,5,8,4) : 1
(6,1,2,5,3,8,7,4) : 1
(6,7,2,1) : 1
(1,2,7,6,3,4,5,8) : 2
(8,5,1,2,3,7,4,6) : 1
(2,7,6,1,3,5,8,4) : 1
(6,5,3,8,2) : 1
(3,4,8,1) : 4
(3,2,6,7) : 2
(6,1,7,2) : 2
(8,1,3,6,2,5,7,4) : 1
(1,6,2,3,4,7) : 1
(1,7,2,4) : 1
(8,5,3,1,6,2,7,4) : 1
(5,3,8,6) : 4
(4,5) : 7
(8,4,6,7,5,1,3,2) : 1
(5,8,1,4,3,6,2,7) : 1
(3,1,8,5) : 4
(8,5,3,1,4,2,6,7) : 1
(7,5,1,8) : 1
(6,1,3) : 18
(7,5,2) : 1
(7,1,2,3,8,6,5,4) : 1
(7,4,1,6,2,3,8,5) : 1
(4,2,1) : 2
(5,8,1,2,3,6,4,7) : 3
(1,4,3,5) : 2
(1,2,6,7,3) : 3
(6,4,3) : 13
(3,6,8,7) : 1
(2,1,3,6) : 2
(1,5,2,8,3,7,6,4) : 1
(5,7,8,6) : 1
(7,5,8,4) : 1
(3,2,1,4) : 1
(1,8,6,5,4,3,2,7) : 1
(2,1,7,8,5) : 1
(1,7,5,6,8,2,4,3) : 1
(3,4,1,7,8,2,6,5) : 1
(5,1,2,8) : 2
(3,5) : 20
(1,8,2) : 2
(1,7,3,8,6,5,4,2) : 1
(5,6) : 10
(6,7,2,1,3,4,5,8) : 2
(4,6,1,8) : 1
(6,8,5,2,3) : 1
(8,1,4) : 2
(6,4,5) : 2
(1,3,2,5,4,7,6,8) : 1
(1,3,6,5,8,4,2,7) : 2
(6,3,4,1) : 2
(1,2,7,8) : 2
(5,1,7) : 3
(6) : 98
(8,3,7,6) : 1
(5,8,4,6,7,3,2,1) : 1
(2,7,1,6) : 5
(8,5,2,3,7,6,1) : 1
(8,7) : 11
(5,8,3,6,7,1,2) : 1
(5,8,7,2,1,3,4,6) : 1
(7,1,3) : 4
(1,2,4) : 1
(6,2,1) : 3
(6,4,1,2) : 1
(1,5,8,3,6) : 2
(8,3,5) : 21
(7,3,4) : 1
(1,2,3,6,4) : 1
(8,1,3,4,6,2,7,5) : 1
(7,3,1,6,8,5,4,2) : 1
(1,6,4,7,2,3,5,8) : 1
(4,3,8,5,1,6,2,7) : 1
(3,8,7) : 2
(3,1,6,2,7,4) : 1
(4,5,3,6,1) : 1
(5,3,4) : 4
(5,8,3,6,2,1,7,4) : 1
(2,3,6) : 1
(8,1,3,2,4,6,7,5) : 1
(8,5,2,7,6,4,3,1) : 1
(1,2,6,3,7,4,8,5) : 1
(8,7,2,5,4,6,1) : 1
(6,3,1) : 27
(2,7,1,5,8,3,6,4) : 1
(3,5,1,8,6,4,2,7) : 1
(5,2,6,1,3,8,4,7) : 1
(5,1) : 28
(1,5,2,8,6,7,3,4) : 1
(4,7) : 7
(6,3,5,8,7,1,2,4) : 1
(4,1,8,5) : 1
(1,8,5,4) : 1
(3,1,4,6) : 11
(1,3,8,5) : 5
(1,6,7,8,5) : 1
(4,1,8,2) : 1
(5,1,8,2,3,4,6,7) : 2
(5,4,8) : 2
(5,1,3) : 9
(3,6,7,1) : 3
(3,5,1,7,8,2,4,6) : 1
(1,4,2,7) : 2
(4,1,5,8,3,7,6,2) : 1
(7,1,6,4) : 2
(1,2,8,3) : 1
(3,2,7) : 2
(8,5,7) : 25
(5,8,2,6,7,1,3,4) : 1
(5,3,1,2,8) : 1
(3,8,5,1,6,4,2,7) : 1
(6,2,3,1,7) : 1
(6,3,4) : 7
(4,3,6,1) : 2
(1,8,7) : 3
(2,1,4,3,6,7,8,5) : 1
(1,7,3,5,8,2,6,4) : 1
(6,1,3,2,4,5,8,7) : 1
(7,3,2,5) : 1
(6,3,7,2,1) : 1
(6,5,8) : 12
(5,7,6) : 1
(6,8,3,5) : 2
(5,8,6,7,3,2,1,4) : 1
(3,1,6,5,7,8,4,2) : 1
(3,8,5,6) : 7
(4,5,8,3,6,1,2,7) : 1
(1,7,5,6,2) : 1
(3,6,8,5,1) : 2
(1,5,6,3) : 2
(7,1,5,2) : 1
(5,8,3,1) : 3
(1,3,2,5,6,8,7,4) : 1
(4,1,2,3,7,6,5,8) : 1
(3,6,7,1,2) : 1
(5,6,3,8) : 2
(4,6,3,1) : 1
(7,8,2,6) : 1
(1,4,6,3,8,5,2,7) : 1
(3,6,8,2,7) : 1
(3,7,2) : 2
(2,1,6,3,7) : 2
(1,6,8,5,3,2,7,4) : 1
(1,3,2,4,8,7,6,5) : 1
(1,4,7,3) : 1
(1,8,4,7) : 1
(8,5,1) : 54
(8,5,7,4,6,2,3,1) : 1
(1,8,5,3,4,6) : 1
(5,8,6,4) : 3
(4,3,8,5,6,7,2,1) : 1
(2,8,5,3,6) : 1
(6,3,4,5) : 2
(3,1,4,8) : 3
(7,8,5,2) : 3
(8,7,3,1,6,2,5,4) : 1
(5,6,3) : 4
(5,8,7,2,6,4,1,3) : 1
(3,6,1,7,2,5,8,4) : 1
(8,3,4,1) : 1
(3,8,6) : 20
(1,3,4,5,6,7,2,8) : 1
(2,1,7,8,5,3,6,4) : 1
(8,5,7,6,4,3,2,1) : 1
(1,7,6,8,5,4,3,2) : 1
(3,8,7,1,6,2,5,4) : 1
(2,6,7) : 6
(3,6,5,8,2,1,4) : 1
(8,5,2,3) : 6
(7,2,1,6,3,4,8,5) : 2
(5,8,3,6,2,4,7,1) : 1
(1,7,6,8,2,5,3,4) : 1
(3,1,6,2,7,8,5,4) : 1
(3,8,6,5,4) : 1
(8,1,7,3,5,2,6) : 1
(1,3,8,5,2) : 1
(6,1,7,2,3,8,5,4) : 1
(8,4,2) : 1
(1,3,4,6,8) : 1
(8,5,1,7) : 3
(3,1,5,8) : 3
(8,1,2,3,5,7,6,4) : 1
(3,1,6,7,2,4,8,5) : 1
(8,5,6,3,4,1,2,7) : 2
(1,3,8,5,6,7,2,4) : 1
(3,7,4) : 1
(4,3,1,6) : 10
(5,3,6,1) : 1
(5,2) : 12
(4,3,1,2,6,8,7,5) : 1
(8,2,3,6,7) : 1
(1,6,8,3,5,2,7,4) : 1
(2,7,6,3,1,4,5,8) : 1
(1,3,7,6) : 2
(5,2,6) : 1
(3,8,2,1,5,6,7,4) : 1
(8,7,5) : 5
(5,8,1,6,7,3,2,4) : 1
(5,8,3,4,6,2,1,7) : 1
(3,2,5,7) : 1
(5,8,2,4) : 1
(1,4,3,2,6,7,5,8) : 2
(3,5,8,6,2,1,7) : 1
(2,8,1) : 1
(5,3,8,1,4,6,2,7) : 1
(1,5,6,8,3) : 1
(3,6,2,8,5,1,7) : 1
(5,1,2) : 3
(1,6) : 93
(8,5,6,3,7,1,2,4) : 2
(8,7,6,2,1,3,5,4) : 1
(5,7,1,3,6,2,4,8) : 1
(8,1,3,5) : 2
(1,6,3,5) : 2
(4,8,5,3) : 2
(5,8,3,4,6,7,2,1) : 1
(6,1,2,3,7,8,5,4) : 1
(3,6,8,5,4) : 1
(4,6,3,7) : 1
(1,2) : 56
(5,1,2,3,6,8,7,4) : 1
(5,3,4,1,2,6,7,8) : 1
(1,3,5,2) : 1
(3,2,5,7,6) : 1
(8,5,3,2) : 2
(7,1,8,3) : 1
(3,4,1,6,8) : 1
(1,4,5,7,2,8,3) : 1
(1,3,5) : 14
(8,3,7,5) : 1
(4,6,8) : 1
(6,3,2,5,8,7,4,1) : 1
(4,8,5,1) : 1
(3,6,5,8) : 12
(1,3,7,8) : 1
(8,6,7,5,2) : 1
(5,3) : 22
(4,6,2,3,7,1,8,5) : 1
(1,6,4,3) : 1
(2,8,3) : 1
(1,2,3,4,6,7) : 1
(1,5,6,2,3,8,4,7) : 1
(4,1,5,8,7,2,3,6) : 1
(6,1,7,3) : 4
(5,6,8) : 11
(1,7,4,2) : 3
(2,1,3,6,8,5,4) : 1
(1,5,8,7,6,3,2,4) : 1
(1,3,6,2) : 6
(8,5,1,3,6,4,2,7) : 1
(3,8,1,2) : 1
(5,3,8,7,4,6,2,1) : 1
(1,2,7,6,5,8) : 1
(3,1,8,5,4,2,6,7) : 1
(3,1,6,2,4,7) : 1
(3,1,4,5,8,6,2,7) : 1
(8,1,2) : 4
(1,3,7,4,8,5,6,2) : 1
(1,6,7,2,3,5,8,4) : 1
(3,8,5,2,1,6,4,7) : 1
(3,4,6,8,1) : 1
(1,5,4) : 1
(5,8,7,6,2,1,3,4) : 1
(8,5,3,1,7,2,4,6) : 1
(8,3,4,1,6,2) : 1
(3,8,1,6,5,2,7,4) : 1
(1,7,2,5,3,8,4,6) : 1
(1,5,3,4,8) : 1
(4,6,7) : 1
(5,3,1,8) : 4
(3,8,5,6,4) : 1
(3,4,8,6) : 1
(3,1,8,6,5,2,4,7) : 1
(1,7,2,3) : 6
(7,1,8,5) : 1
(3,4,6,5) : 2
(1,6,3,2,4,5,8,7) : 1
(6,2,1,3) : 1
(5,8,3,7) : 1
(3,8,6,1) : 4
(2,6,7,8) : 3
(2,7,8,6,4,3,1,5) : 1
(2,7,1,6,3,8,5,4) : 1
(1,3,6,2,4,7,5,8) : 2
(1,6,2,3,7,5,8,4) : 1
(7,3,6,1,8) : 1
(8,5,3,2,6,7,4,1) : 1
(3,2,8) : 1
(1,3,6,8,5,2,4,7) : 1
(1,3,6,7,2,4,5,8) : 1
(8,6,5,3,1) : 1
(6,4,3,1) : 3
(7,1,3,4,2,6) : 1
(6,4,8) : 3
(8,5,6,3,2) : 1
(1,8,5,2) : 3
(5,8,7,6,2,1,4,3) : 1
(6,5,3,8,1,4,2,7) : 1
(3,6,1,5) : 4
(1,8,6,5,7,3,4,2) : 1
(3,4,1,5,8,2,6,7) : 1
(3,1,4) : 17
(5,8,3,7,6) : 1
(1,2,6,5) : 1
(8,1,2,7,3,6,5,4) : 1
(3,1,4,5,6,7,8,2) : 1
(8,5,6,2) : 2
(4,3,1,8,6,7,5,2) : 1
(3,5,6,8,7,4) : 2
(7,1,6,5) : 1
(1,5,7,8) : 4
(5,1,8,3,6) : 1
(3,2,6,1,5,7,8) : 1
(6,1,5) : 1
(1,6,2,3,7) : 1
(8,5,3,1,2,4,6,7) : 1
(3,5,7,2,4,1,6,8) : 1
(8,5,1,2,4,3,6,7) : 2
(6,3,2,1,5,8,7,4) : 1
(7,3,1,6,8,2,5) : 1
(6,8,3,7) : 1
(8,5,1,4,3,6,2,7) : 1
(6,3,4,5,8,2,7) : 1
(1,6,5,3,8,7,2,4) : 1
(6,8,1,5,4,3,7,2) : 1
(8,5,6,7,2,3,1,4) : 1
(5,3,8,6,4) : 1
(8,3,2,4) : 1
(8,6,5,3) : 2
(8,5,3,4,1,2,7,6) : 1
(5,7,6,8) : 2
(8,1) : 34
(1,4,7,8,6) : 1
(4,3,6,5,8,1,2,7) : 1
(7,6,8,5,2,1,3,4) : 1
(4,6,3,8) : 2
(7,1,2,5,8,3,4,6) : 1
(2,1,8,3) : 1
(6,3,2,7,5,8,4,1) : 1
(1,7,2,3,4,6,5,8) : 1
(2,6,5,8,3) : 1
(5,8,1,3,6,2,4,7) : 1
(1,6,3,8,4,5,2,7) : 1
(5,7,8,2,1,3,4,6) : 1
(4,3,5,7) : 1
(1,2,7,6,5,8,3,4) : 1
(4,3,8) : 14
(2,7,6,1) : 1
(4,3,5,6,8,1,2,7) : 1
(8,1,5,7) : 3
(1,6,3,8) : 7
(8,5,4,3,7,6,1,2) : 1
(2,1,3,6,7,4,8) : 1
(8,5,1,4,3,2,7,6) : 1
(3,6,4,1) : 2
(6,1,3,4,5,8,2,7) : 1
(6,3,8,7) : 1
(6,2,8,5) : 2
(1,6,3,7) : 3
(3,6,4,1,2,8,5,7) : 1
(5,3,8,7) : 1
(6,3,5,8) : 8
(5,8,6,2,3,7,1,4) : 1
(1,7,8,5,2,3,6,4) : 1
(7,8,6,1) : 1
(4,3,8,5,6,1,7,2) : 2
(2,5,8) : 2
(5,8,6,7,2) : 1
(6,3,5,8,7,1,2) : 1
(3,8,5) : 15
(1,5,8,6,2) : 2
(3,8,4,5,1,6) : 1
(7,1,6,8,5,3) : 1
(1,3,2,5,4,6,8,7) : 1
(8,2,1,6) : 1
(1,2,7,6,8,5,3,4) : 1
(5,8,6,3) : 16
(7,5,2,6,8,1,3,4) : 1
(1,6,3,7,2) : 2
(5,8,6,3,7,4,2,1) : 1
(1,6,2,7,3,8,5,4) : 1
(8,1,3,2) : 1
(6,8,5,4) : 2
(5,8,6,7,1,2,3,4) : 1
(4,8,7) : 1
(1,6,3,4) : 4
(5,8,1,3,6,2,7,4) : 2
(4,3,5,6,8) : 1
(8,4,5) : 1
(3,1,2,6) : 1
(8,1,6,3) : 3
(1,6,2,7,3,4,5,8) : 2
(1,7,6,2) : 5
(5,6,8,3) : 6
(3,4,1,8,5,6,7,2) : 1
(8,7,3,5,6,4,2,1) : 1
(5,1,8,7) : 1
(3,8,5,6,4,2,7,1) : 1
(2,6,7,1) : 1
(3,4,6,1,8,5,2,7) : 1
(3,8,5,1,4,6,2,7) : 1
(3,1,8,4,7,2,6,5) : 1
(4,2,6,3) : 2
(3,7,6,2) : 1
(7,1,8,5,6,2,3,4) : 1
(4,2,3) : 1
(8,5,1,3,2,7,6,4) : 1
(1,5,3,6) : 5
(7,2,3) : 1
(1,6,8) : 10
(1,8,2,7,3,5,6,4) : 1
(1,7,8,3,2,6,5,4) : 1
(4,6,1,8,5,3,2,7) : 1
(1,8,5,6,7,3,2,4) : 1
(1,8,3,4,2,5,6,7) : 1
(3,8,4,5) : 1
(3,8,5,7) : 1
(5,2,8) : 3
(4,6,2,3,5,8,1,7) : 1
(3,8,5,1,2,6,7,4) : 2
(2,1,5,8) : 1
(1,3,2,7,8,5,4,6) : 1
(1,3,8) : 26
(6,1,3,7,2,5,8,4) : 1
(8,6,4) : 1
(7,8,1,3,2,5,6,4) : 1
(1,5,8,3,2,6,7,4) : 1
(3,1,5,8,4,7,6,2) : 1
(1,8,5,2,3,7,6) : 1
(8,5,1,2,3) : 1
(1,7,2,8,3,5,4,6) : 1
(5,7,2,8) : 1
(1,2,7,3,6) : 1
(5,8,1,2,6,3,4,7) : 1
(1,6,7,3,2,5,8,4) : 1
(1,3,6,5,4,8,7,2) : 1
(8,5,6,4,3,2,1,7) : 1
(7,8,2,5,1) : 1
(1,3,8,6,7) : 1
(3,1,5,8,6,2,7) : 1
(3,1,8) : 15
(8,5,4,3,1,6,2,7) : 1
(8,5,2,3,6,7,4,1) : 2
(3,4,8,5) : 5
(8,5,3,6,4,7) : 1
(3,7,6,2,1) : 1
(7,6,3,2) : 3
(3,4,6,1,7,2,8,5) : 1
(6,4,1,8,3,2,7,5) : 1
(1,7,6,3) : 3
(6,8,1,3,5,4,7,2) : 2
(1,4,8,3) : 1
(1,2,4,3) : 3
(1,4,2,6,7) : 1
(6,1,2,7,3,4,5,8) : 1
(8,5,2,7,6,3,4,1) : 1
(1,6,7,3,2,4,8,5) : 1
(8,1,3,2,5,7,6,4) : 1
(7,5,8) : 2
(5,8,7,1,3) : 1
(2,1,3,5,6) : 1
(8,6,2,7,3,4,5,1) : 1
(5,8,1,6,4,3,7,2) : 1
(8,5,1,7,6) : 1
(8,7,2,1,5,3,6,4) : 1
(1,2,3,8,5,4,6,7) : 1
(8,5,1,2,3,4,6,7) : 1
(5,4,1,8) : 1
(2,1,6) : 8
(5,8,7,6) : 2
(1,8,5,3) : 7
(1,2,8,5,7,3,6,4) : 1
(1,5,4,8) : 3
(7,8,5,1,3,2,6,4) : 1
(6,8,1,5) : 2
(6,7,3,2) : 2
(8,5,3) : 76
(8,5,2,3,7,1,6,4) : 1
(1,7,5) : 4
(6,5,3,8) : 4
(5,8,1,6) : 9
(2,1,7) : 6
(5,8,3,6) : 17
(1,3,2,6,4,7) : 1
(6,5,8,7,3,2,1,4) : 1
(2,3,5,7,8,1,6,4) : 1
(8,5,1,3,6) : 3
(4,3,1,8) : 1
(8,5,3,4,2,6,7) : 1
(1,2,3,5,8) : 1
(1,4,8) : 5
(3,7,5,2,8,6,4,1) : 1
(1,6,4,3,8,2,7,5) : 1
(8,6,3) : 8
(3,6,1,8) : 7
(7,4,3,6) : 1
(8,5,6,4) : 3
(1,8,3) : 18
(8,1,5) : 23
(1,7,2) : 38
(6,2) : 9
(4,3,8,5,6,1,2,7) : 1
(3,1,4,2,5,8) : 1
(7,1,8) : 2
(3,7,4,2) : 1
(7,2,5) : 1
(1,7,3,4) : 1
(3,4,6,5,8,7,2,1) : 1
(3,6,8,5,1,7,2) : 1
(1,6,2,7,3,8,4,5) : 1
(8,5,2,1,7,6,4,3) : 1
(3,5,2,7,8) : 1
(7,8,5,6) : 1
(1,8,6,3) : 1
(3,1,6,2) : 2
(2,7,1) : 1
(3,6,7,2,8,1,5,4) : 1
(1,5,8,2) : 1
(5,8,1,2,3) : 1
(8,7,6,1,5,4,3,2) : 1
(8,1,2,4) : 2
(6,3,1,8) : 4
(1,3,4,8) : 4
(3,1,5,7,8,6,2,4) : 1
(1,3,4,5,6,7,8,2) : 2
(4,6,8,5,3) : 1
(8,1,3,6,5,2,7,4) : 1
(8,5,1,6,3) : 1
(4,3,7,6) : 1
(8,1,4,5,6) : 1
(3,4,6,8,7,5,2,1) : 1
(6,2,7,8) : 3
(6,2,7,1,3,5,8,4) : 1
(8,5,2,7,1) : 2
(6,8,5,7,3,2,1) : 1
(1,8,6,5) : 2
(8,5,1,6,2,7) : 1
(8,5,1,7,6,3,2) : 1
(1,5,4,3,6,7,8,2) : 1
(1,2,7,6,3,8,5,4) : 3
(7,8,6,5,3) : 1
(1,3,4,5,8) : 1
(1,5,7,8,2,3,6,4) : 1
(3,5,4,6,8) : 1
(3,4,5,1,8,6,2,7) : 1
(1,3,5,7,2,6,8,4) : 1
(6,5,8,1,3,7,2,4) : 1
(8,5,4,3,6,7,2,1) : 2
(8,6,5,3,2,1,4,7) : 1
(1,7,6,8,5,2,3,4) : 1
(1,7,3) : 15
(6,1,3,2,7) : 1
(7,3,1,5) : 1
(8,5,3,6,4,7,1) : 1
(3,1,2,7,4,6) : 1
(1,6,8,5) : 1
(1,4,3,6,8,5,2,7) : 1
(3,6,8,5,7,1,2) : 1
(1,2,6,3,5,8,4,7) : 1
(1,2,4,3,5,6,7,8) : 1
(7,6,1,2,5,8,3,4) : 1
(1,3,8,5,4,6) : 1
(5,3,1) : 8
(8,5,3,4) : 8
(3,4,1,5,6,8,7,2) : 1
(6,3,8,5) : 10
(1,8,3,2) : 2
(4,8,2) : 2
(1,6,5,3) : 3
(1,7,2,3,5,6,8) : 1
(8,5,3,2,1,6,7,4) : 2
(5,3,8,4,6,7,2,1) : 1
(3,1,8,4) : 1
(6,3,8,2) : 2
(3,1,5,6,8,2,7,4) : 1
(3,6,7,8) : 3
(3,1,2,7) : 1
(7,3,1) : 3
(8,7,2,5) : 2
(5,8,1,4) : 1
(4,1,5) : 1
(3,6,8,5,7,2,1,4) : 1
(1,8,5,3,2,6,7) : 1
(8,3,1,5,6,2,7,4) : 1
(2,7,8) : 1
(1,6,4,3,7,2,5,8) : 1
(3,4,1,2) : 1
(4,5,6,3,8,2,7,1) : 1
(1,5,3,4) : 1
(5,1,8,3,2,6,7,4) : 1
(6,3,2,4) : 1
(1,2,6,3) : 3
(5,7,8,1,2,3,4,6) : 1
(3,1,6,4) : 6
(8,5,3,6,2,7,1,4) : 1
(6,3,5,8,7) : 1
(3,4,1,6) : 3
(6,2,3,7) : 1
(1,3,5,4,6) : 1
(5,2,8,1,3,4,6,7) : 1
(3,7,8,5) : 1
(1,3,5,4,6,2,7,8) : 1
(4,1,6,3,2,5,7,8) : 1
(5,8,1,2,3,7,6,4) : 1
(3,2,6,1,7) : 1
(1,8,2,5,3,4,6,7) : 2
(2,5,6) : 1
(3,6,1,2) : 3
(6,7,5) : 3
(3,1,6,5,8,4,2,7) : 1
(3,8,7,1,5) : 1
(8,5,7,2,3,1,4,6) : 1
(4,6,3) : 18
(4,3,6,1,8,5) : 1
(8,4) : 14
(1,3,6,4) : 9
(1,4,8,6) : 1
(1,6,3,2,7,4,8,5) : 1
(8,5,1,2,7) : 1
(8,5,6,1,3) : 1
(1,3,6,2,8,5,7) : 1
(4,7,3) : 1
(6,2,8,5,7,3,1,4) : 1
(3,1,6,8,5,2,7,4) : 1
(8,5,1,3,2,6,7,4) : 1
(2,7,6) : 3
(1,4,8,3,6,5,7,2) : 1
(2,6,5,8,7,3,1,4) : 1
(6,4,3,5,8) : 1
(8,5,1,7,3,6,2,4) : 1
(5,8,7,2,3,1,4,6) : 1
(8,5,6,4,3) : 1
(4,7,6,3,5,8,2,1) : 1
(8,6,5,4,3,2,1,7) : 1
(3,6,8,4) : 1
(7,8,1,6,2,3,5,4) : 1
(4,5,8,3,6,1,7,2) : 1
(2,8,7,1,6) : 1
(2,4,3) : 1
(3,4,8,5,6,7,2) : 1
(8,3,4,5) : 2
(1,8,7,3) : 2
(2,5,7,8) : 3
(5,1,3,6,8,2,7,4) : 1
(4,5,1,8) : 1
(6,1,2,3,4,7,5,8) : 1
(6,2,1,7) : 2
(1,3,6,8) : 5
(1,3,4,2,6,5,7,8) : 1
(5,1,2,7) : 6
(4,1,6,3) : 5
(3,1,8,5,2,6,4,7) : 1
(1,7,8,2) : 1
(1,4,6,7,2,3,5,8) : 1
(6,3,5,8,4,1,2,7) : 1
(8,1,7,6,5) : 1
(1,8,6,5,4) : 1
(1,2,5,6,7) : 1
(1,4,3,5,6) : 1
(3,6,8,5) : 14
(4,2,1,6,8,3,7,5) : 1
(8,5,1,3,6,2,7,4) : 1
(6,7,2,3,8,5,1,4) : 1
(7,2,6,1) : 1
(1,3,7,2,6,8,5,4) : 1
(1,7,5,8,6,2,3,4) : 1
(8,1,4,5) : 1
(7,1,8,2,3,5,6,4) : 1
(1,7,4,3) : 1
(3,1,6) : 53
(3,1) : 53
(8,3,2) : 2
(1,2,7,8,5) : 1
(8,1,6,3,4,5,2,7) : 1
(8,5,1,2,3,6,4,7) : 1
(7,8,3,1,5,4,6) : 1
(8,7,5,3,6,2,4,1) : 1
(1,2,5,3,4,8,6,7) : 1
(1,7,2,3,8,6,5,4) : 1
(3,6,7,5,8) : 1
(2,8,6,5) : 1
(3,8,4,6) : 4
(7,8) : 12
(1,6,7,2,3) : 1
(3,7,6,2,4,1,5) : 1
(8,3,2,7) : 1
(1,3,2,4) : 2
(1,3,2,6,5,4,8,7) : 1
(8,5,7,2,1,3,4,6) : 1
(1,3,4,5) : 2
(4,8,5) : 5
(1,3,7,6,2,4,5,8) : 1
(1,4,8,3,5,6,2,7) : 1
(5,6,1) : 2
(1,6,5,3,4,2,8,7) : 1
(3,1,2,6,7) : 1
(5,6,8,7,3,2,1,4) : 1
(7,1,3,6) : 3
(1,6,7,3,4,2,5,8) : 1
(8,5,1,2) : 9
(1,6,3,2,4,7,8,5) : 1
(1,3,8,2) : 3
(3,5,8,6,4,7,2,1) : 1
(1,6,3,4,2,7,8,5) : 1
(5,2,3) : 1
(6,1,3,2,7,5,4,8) : 1
(5,8,2,6,3,4,1,7) : 1
(1,7,8,3,2,5,4,6) : 1
(4,2,5,1,3,7,6,8) : 1
(5,6,7,8) : 1
(5,2,8,1,3,7,6,4) : 1
(4,5,3,1) : 1
(7,1,4,2,3,8,6,5) : 1
(4,2,1,3,7,5,8,6) : 1
(6,8,4,2) : 1
(3,8,6,5,4,1,2,7) : 1
(6,3,2,5,8) : 1
(5,8,7,2,6) : 1
(3,2) : 4
(1,3,5,7,8,6,4,2) : 1
(1,8,7,3,2,4,5,6) : 1
(7,5,2,6,8,3,4,1) : 1
(8,7,2,1) : 1
(4,3,1) : 20
(6,2,3,1,8,5,4,7) : 1
(1,6,7,8) : 1
(4,3,1,5) : 1
(1,8,6,7,3,2,5,4) : 1
(8) : 403
(4,3,5,8,1,6,2,7) : 1
(8,4,1) : 1
(1,5,2,7,8,6,4,3) : 1
(1,3,6) : 41
(8,6,1) : 4
(3,4,6,8,5,1,2,7) : 2
(4,8,6) : 2
(4,7,6,5,3,2,1,8) : 1
(7,2,6,8) : 1
(6,7) : 4
(1,3,6,5,2,8,7,4) : 1
(8,7,6) : 1
(4,2,7,1) : 1
(5,8,3,1,6) : 1
(1,3,4,6,2,5,7,8) : 1
(3,6,8,5,4,7,1,2) : 1
(1,8,4,5,2,6,3,7) : 1
(8,6) : 13
(5,3,2,8) : 1
(1,8,7,5) : 1
(5,1,2,7,8,6,4,3) : 1
(8,1,5,3,4) : 1
(3,1,5) : 8
(2,1,5) : 2
(7,1) : 18
(1,7,2,8,6,3) : 1
(5,4,7,8,3) : 1
(8,7,5,3) : 1
(5,8,2,7) : 5
(3,5,1) : 9
(2,5,8,6,3,7) : 1
(1,7,6,2,8,5,3,4) : 1
(2,1,3,5,6,7,8) : 1
(6,5,8,3,7) : 1
(5,8,6,2) : 2
(4,3,7) : 1
(1,6,7,3) : 8
(4,1,3,6,2) : 1
(3,1,8,4,5) : 1
(4,1,7,2,3,6,8,5) : 1
(6,7,1,2,3,5,8) : 1
(3,6,8,2) : 1
(6,3,8,5,1,4,2,7) : 1
(3,1,7,5,4,8,2,6) : 1
(3,6,5) : 14
(8,1,7,5) : 2
(1,8,7,2,3,5,6,4) : 1
(1,5,2,6,3,4,7,8) : 1
(5,6,8,1,3) : 1
(8,3,4,5,6,1,7,2) : 1
(8,5,3,4,1,6,2,7) : 1
(2,6,1) : 8
(1,6,7,2,5,8,3) : 1
(6,8,5,3,1) : 1
(6,1,8,5,7,3,2) : 1
(1,2,6,3,5,8,7,4) : 1
(1,6,3,2,7,5,8) : 1
(8,1,5,4) : 2
(8,5,3,1) : 13
(1,3,2,6) : 9
(8,5,3,1,6,4,2,7) : 1
(3,8,7,1,4,6,5,2) : 1
(8,1,5,6,2,3,4,7) : 1
(8,5,7,3,4) : 2
(1,4,6,2,3,7,5,8) : 1
(6,1,8,3,5,2,4,7) : 1
(4,1,2,3,5,6,7,8) : 1
(3,7,1,4) : 1
(3,4,5,8) : 3
(1,3,6,7,4) : 1
(3,4,6,7) : 1
(3,5,8,6) : 6
(4,1,3,7,6) : 1
(8,5,1,7,3) : 1
(6,1,3,4,2) : 1
(3,7,1,6) : 1
(1,2,3) : 15
(8,5,3,6,4) : 1
(1,2,3,4,7,6,5,8) : 2
(8,5,1,3,4,2,6,7) : 1
(1,8,7,2,5) : 2
(3,8,6,1,5,2,7,4) : 1
(4,3,6,2) : 2
(3,1,7,4,2,6,8,5) : 1
(3,1,5,6,2,4,7,8) : 1
(6,3,5,8,4,7,2,1) : 1
(7,2,1,8,5,6,3) : 1
(7,1,4,6,5,3,2,8) : 1
(8,3,6,7) : 2
(4,3,8,5,7,6,2,1) : 1
(5,1,8,3,6,4,2,7) : 1
(2,1,6,3) : 2
(3,1,6,4,8,5,2,7) : 1
(7,5,1,3) : 1
(1,2,3,4,7) : 1
(5,3,6) : 4
(6,3,1,7,2) : 1
(1,7,4,2,3,6,8,5) : 1
(3,4,8,6,1,5,2,7) : 1
(4,3,8,6,5,1) : 1
(8,5,2,6) : 4
(4,3,2,7) : 1
(4,3,5,8,6,2,7,1) : 1
(1,5,2,7,8,3,6) : 1
(1,3,4,6,5,8,7,2) : 2
(3,6,4,8) : 1
(6,2,7) : 6
(1,4,6,3,5,8,2,7) : 1
(4,5,8,3,7,6) : 1
(2,8,5) : 3
(3,6,1,2,7,5,8,4) : 1
(6,3,5,7,8,4,2,1) : 1
(1,7,4) : 1
(8,5,2,1,3,6,7,4) : 1
(8,1,7,6) : 1
(1,7,2,8) : 1
(2,1,5,8,6,7,3,4) : 1
(1,5,8,3,2,4,6,7) : 1
(8,5,3,7,6,2,1,4) : 1
(7,8,6,5,2,4,3,1) : 1
(1,7,3,6) : 2
(7,3,5,8,6,4,2,1) : 1
(8,3,5,4) : 2
(5,8,6) : 26
(3,8,5,1,6,2,4,7) : 1
(1,5) : 41
(8,5,3,1,6) : 1
(6,1,3,8,5,4) : 1
(1,5,6,3,8) : 1
(6,5,3,8,7,1) : 1
(6,1,3,7,2) : 1
(8,7,5,1) : 1
(6,3,1,8,5,4) : 2
(8,5,3,1,2,6,7,4) : 1
(5,8,1,2,4,3,7,6) : 2
(3,6,8,2,7,1,4) : 1
(6,2,5,3,8,1,4,7) : 1
(5,3,6,8,1) : 1
(3,6) : 109
(5,8,1,2) : 5
(6,2,5,1,7,8,3,4) : 1
(3,1,8,2,5,4,6,7) : 1
(7,3,2,6) : 1
(5,7,8,4,3,2,1,6) : 1
(1,6,3,2,7) : 3
(8,2,7,1) : 1
(1,6,7,2) : 10
(1,5,8,3,6,2,7,4) : 1
(8,1,3,4,2,5,6,7) : 1
(1,5,8,3) : 8
(5,4) : 4
(1,6,8,4,5) : 1
(1,2,5,7,8,6,3,4) : 2
(2,3,8,5) : 1
(1,3,8,4) : 4
(1,5,8,3,6,4,2,7) : 1
(1,6,8,4,3) : 1
(4,3,5,6,8,2,7,1) : 1
(1,3,7,2,6,4,5,8) : 1
(2,1,5,4) : 1
(6,1,3,2) : 3
(4,6,3,8,5,2,1,7) : 1
(8,4,5,3) : 2
(5,8,7,6,2) : 2
(6,1,4) : 2
(7,2,4,1) : 1
(6,8,1,2) : 1
(6,7,2,3,5,1,8,4) : 1
(3,4,5,6) : 1
(7,6,1,3) : 2
(6,8,1) : 1
(6,7,2,1,3) : 1
(3,8,4,6,5) : 1
(5,8,2,1,6,7,4,3) : 1
(3,4,8,7) : 1
(5,7,8,2) : 3
(5,3,8,7,6) : 1
(1,3,2,6,7,4,8,5) : 1
(6,2,7,1) : 3
(4,3,1,2,5,8,7,6) : 1
(4,6,1) : 1
(1,3,4,6,5,8,2,7) : 3
(4,3,6,8) : 2
(3,5,8,6,2) : 1
(1,3,6,7,2,8,4,5) : 1
(3,1,4,5,6) : 1
(4,5,8,3) : 1
(1,2,5,7,8) : 1
(1,3,7,4) : 2
(1,7,2,8,5,6,3,4) : 1
(5,8,2,7,6,1,3,4) : 1
(6,8,7) : 3
(1,6,5,8,3,4,2,7) : 1
(1,5,2,3,6,8,4,7) : 1
(8,6,5,2,1,3,4,7) : 1
(8,3,5,1,2,7,6,4) : 1
(5,2,8,7) : 3
(4,6,7,3,2) : 1
(1,3,8,5,7) : 1
(1,7,6,2,3,4,8,5) : 1
(1,3,5,4,6,8,7,2) : 1
(8,1,3,6,2,4) : 1
(8,5,1,2,7,3,6,4) : 3
(1,8,6,5,3,2,4,7) : 1
(1,6,5,4,8,2,3,7) : 1
(7,5,1) : 3
(7,6,1,2,3,8,5) : 1
(8,3,5,7,1,2,6) : 1
(1,7,2,6) : 11
(5,8,3,6,1) : 1
(2,7,3,1) : 1
(8,1,5,3) : 7
(5,4,3,6) : 1
(3,8,7,1) : 2
(5,4,8,1,6,3,2,7) : 1
(2,1,8) : 2
(8,1,3,6,4,5) : 1
(8,3,5,1,6) : 1
(1,6,2,7,8,3,5,4) : 1
(1,3,6,4,7,5,8,2) : 1
(1,3,5,8,6) : 1
(6,2,7,3) : 1
(1,2,6,7,5,4,3,8) : 1
(3,6,5,2,8,7,4,1) : 1
(1,6,2,3,4,5,7,8) : 1
(6,4,8,3) : 1
(5,8,6,4,7,3,2,1) : 1
(1,3,7,6,8,2,4,5) : 1
(8,5,7,6,3) : 1
(7,6,1,8,5,2,4,3) : 1
(1,6,2,7,3,5,8,4) : 1
(1,4,8,2,6,3,7,5) : 1
(5,3,2,4,1,8,7,6) : 1
(1,7,2,3,6,5,8,4) : 2
(1,8,5,3,6) : 1
(4,6,3,1,8,5,2,7) : 1
(8,5,6,3,7) : 1
(3,1,2,5,4,6,7,8) : 1
(5,8,3,2,6) : 1
(8,1,6) : 6
(7,3) : 11
(6,2,7,1,3,8,5,4) : 1
(1,3,5,8,4,6,7,2) : 1
(1,4,5,6,7) : 1
(6,8,1,7) : 2
(1,7,8,5,2,6,3,4) : 1
(1,2,3,5,8,7,6,4) : 1
(4,5,8,6,1) : 1
(8,5,3,2,6) : 1
(3,5,4,6,8,7,1,2) : 1
(1,3,6,7) : 6
(1,3,5,7,8) : 1
(8,4,3,6) : 2
(8,4,1,6,5,7,3,2) : 1
(8,5,3,6,4,7,2,1) : 1
(8,7,2,5,6,3) : 1
(1,6,3,4,8) : 1
(3,8,6,5,1,7,2,4) : 1
(1,5,8,7) : 3
(5,6,8,3,2,7,4,1) : 1
(2,6,1,3,7) : 1
(1,3,8,6,4,5) : 1
(1,5,6,8) : 2
(3,2,1) : 3
(1,2,8,5) : 2
(1,7,8,6,2,3,5,4) : 1
(3,4,6,5,8) : 1
(1,5,3,7) : 2
(4,3,2,6,5,8,7,1) : 1
(6,3,4,5,8,1,2,7) : 1
(6,7,1) : 5
(3,2,6) : 3
(1,4,8,5) : 1
(1,6,4,3,2,7,5,8) : 1
(3,4,8,6,5,7,2,1) : 1
(3,7,5,6) : 2
(5,1,8,4) : 1
(5,8,7,6,2,3) : 1
(5,3,4,8) : 2
(1,7,2,3,6,8,4,5) : 2
(4,3,5,8,7,6) : 1
(4,8,1) : 1
(1,5,8,6,7) : 1
(1,2,6,7,3,8,5,4) : 1
(3,6,1,7) : 2
(1,3,8,5,4,6,2,7) : 1
(3,8,7,2) : 1
(3,5,4) : 5
(1,5,6,7,8,4,3,2) : 1
(5,6,8,2,4,1,3,7) : 1
(6,7,2,3,1,8,5,4) : 1
(8,5,6,3,7,4,2,1) : 1
(4,3,8,5,6,2,7,1) : 1
(3,1,7,8) : 2
(5,7,8,6,2,1,3,4) : 1
(3,2,1,4,7) : 1
(4,1,8,6) : 1
(7,1,2,8,5,3,6,4) : 1
(6,1,3,7,2,8,5,4) : 1
(1,4,2,3,5,6,7,8) : 1
(5,8,2,6,7,3,4,1) : 1
(5,7) : 13
(5,2,8,3) : 1
(2,6,7,5,1,3,4,8) : 1
(5,8,2,1,6,7,3,4) : 2
(3,7,6,4) : 1
(4,6,7,1) : 1
(8,5,3,1,2,7,6,4) : 1
(3,8,4,1,5,6,7,2) : 1
(1,4,3,8) : 1
(6,5,8,2) : 2
(3,1,6,4,7,8,2,5) : 1
(5,8,1,3,2,4,6,7) : 1
(8,5,1,3,4,6,7,2) : 1
(3,5,4,6) : 2
(8,3,1,5) : 5
(1,8,6,4,3,2,5,7) : 1
(3,4,1,7) : 1
(6,8,4,1) : 1
(1,6,5,3,7,8,4,2) : 1
(6,8,3) : 10
(3,5,1,7) : 2
(3,2,4,8,5,1,6,7) : 1
(3,7,6,8,5,2,1,4) : 1
(3,5,1,6,8,7,2) : 1
(2,1,6,4) : 1
(8,6,7,5,3,1) : 1
(1,7) : 73
(4,1,8,3,6,5,2,7) : 1
(5,8,7,3) : 5
(3,5,6) : 11
(5,8,2) : 12
(6,7,3) : 3
(8,1,6,5,3) : 1
(3,6,1) : 41
(3,5,8,7) : 2
(3,6,4,5) : 2
(1,5,4,2) : 1
(8,7,5,1,3,6,4,2) : 1
(1,3,5,8,6,2,4,7) : 1
(1,2,3,6) : 4
(4,1,5,8,6,3) : 1
(8,6,5,3,4) : 1
(1,2,7,6) : 9
(8,5,6,3,7,2,1) : 1
(5,3,1,6,7,8,2,4) : 1
(1,4,6,8,3,2,7,5) : 1
(6,2,7,3,8) : 1
(7,2,5,8,3) : 1
(8,5,3,1,6,2,4,7) : 1
(3,5,8,1) : 4
(3,6,8,2,5,1) : 1
(8,7,6,3,2,1,5,4) : 1
(6,8,7,2,3,5,1) : 1
(8,1,6,5) : 1
(6,5,8,3) : 4
(3,2,7,6,8,1,5,4) : 1
(3,4) : 105
(5,1,2,3,6,7,8,4) : 1
(3,8,1,6) : 3
(5,8,2,1,3,7,6,4) : 1
(3,5,7,2,8,6,1,4) : 1
(1,2,6,3,7,5,4,8) : 1
(7,8,5,2,1,3,4,6) : 1
(8,1,2,7) : 2
(5,8,1,3,6,2,7) : 1
(7,8,5,3,6) : 1
(7,1,8,6,2,3,4,5) : 2
(1,6,5,3,8) : 2
(3,4,6,8) : 6
(3,6,2,1,7,5,8,4) : 1
(6,3,1,2) : 4
(4,5,1,3,8,6,2,7) : 1
(1,7,6,2,5,4,3) : 1
(6,4) : 11
(6,1,7) : 12
(5,4,1,3) : 1
(1,5,4,7,8,3,2,6) : 1
(1,4,7) : 5
(1,2,3,7) : 3
(7,8,6,5,4,3,2,1) : 1
(1,7,8,3,2,5,6,4) : 1
(6,7,4,3) : 1
(8,3,4) : 6
(7,8,3,5) : 1
(4,6,5,8) : 1
(5,3,1,8,7,4,6,2) : 1
(3,8,7,5) : 1
(6,2,3) : 3
(6,3,4,1,7,2,5,8) : 1
(5,1,3,7,8) : 1
(8,5,1,4,2,3,7,6) : 1
(3,4,5,1,2,8,6,7) : 1
(8,5,3,6,4,1,2,7) : 1
(8,5,4,3) : 7
(5,8,1,6,3,2,7,4) : 1
(4,8,3,5,6,7,2) : 1
(8,4,3,5,6) : 1
(1,5,8,3,4,2,6,7) : 2
(7,3,6) : 2
(6,8,3,1) : 3
(4,3) : 120
(7,2,8) : 2
(8,5,3,2,4,1,6,7) : 1
(3,2,6,5) : 1
(4,8,6,3) : 2
(1,8,2,5) : 2
(1,6,4,2,8) : 1
(4,2,3,5,7,6,8,1) : 1
(8,5,2,7) : 2
(8,5,4,1) : 1
(3,1,6,4,2,7,8) : 1
(1,7,2,5) : 1
(6,1,5,2,8) : 1
(3,8,5,6,4,2,1,7) : 1
(1,7,2,6,3,5,8,4) : 1
(3,1,7,8,6,5,4,2) : 1
(8,1,5,7,2,3,4,6) : 1
(2,7,1,5,8,6,3,4) : 1
(8,1,2,3) : 1
(5,8,6,2,7) : 1
(3,4,6,8,1,7,5,2) : 1
(1,3,7) : 19
(6,3,1,4,8,5,2,7) : 1
(1,5,8) : 34
(7,1,5) : 1
(7,8,6,5) : 1
(1,4,6,3) : 5
(1,8,7,3,6) : 1
(1,8,6) : 6
(5,8,6,3,4,2,7,1) : 1
(5,7,3,1,4,6,8,2) : 1
(4,3,8,5,1,6,7,2) : 1
(7,3,2) : 3
(1,4,3,5,8,6,7,2) : 2
(5,8,7,2,1,3,6,4) : 1
(5,8,7,2) : 2
(4,3,1,5,8,2,6,7) : 1
(4,3,6,7,2,1,8,5) : 1
(8,5,1,3,6,7,2,4) : 1
(6,5,1) : 2
(7,5,2,8,1,3,6,4) : 1
(4,3,1,8,6,5,2,7) : 3
(6,5) : 9
(1,2,3,6,5,4,7,8) : 1
(4,1,3,5) : 1
(6,8,2) : 1
(2,7,8,5,6) : 1
(6,7,8,1,3,5,4,2) : 1
(5,8,7,6,2,3,1,4) : 2
(3,5,8,6,4,2,7,1) : 1
(1,3,6,8,5,4,7,2) : 1
(2,8,7,6,3,1,5,4) : 1
(3,6,1,4,5,8) : 1
(1,6,7,2,3,4,5,8) : 1
(3,6,8,4,1) : 1
(5,8,7,6,4,3,2,1) : 1
(1,8,6,3,5,4,2,7) : 1
(4,3,6) : 30
(2,5,8,7) : 1
(2,7,5,8) : 1
(5,8,1,2,4,3,6,7) : 1
(1,2,5,8,3,7,6,4) : 1
(6,8,3,5,2,7) : 1
(8,3) : 35
(8,3,1,6,2,4,5,7) : 1
(2,3,7) : 1
(2,1,3,5,8,6,7,4) : 1
(3,4,5,8,1,2,7,6) : 1
(1,6,7) : 39
(8,2,7,6,5,1,3,4) : 1
(8,5,1,6) : 8
(7,2,1,5,8,6,3) : 1
(5,1,8,3,2,4,6,7) : 2
(8,6,2) : 1
(3,1,6,7,2) : 1
(5,3,2) : 1
(5,1,4,8,3,2,6,7) : 1
(8,1,5,3,6,2,4,7) : 1
(5,8,1,4,7,3,2,6) : 1
(5,8,7,6,1,2,3) : 1
(1,3,6,8,4,5,7,2) : 1
(4,3,8,6,1) : 1
(3,7,6) : 5
(5,6,7,2) : 1
(8,7,5,6,4,3,2,1) : 1
(4,3,1,5,6,8,2,7) : 1
(5,3,6,4) : 1
(7,6,2) : 5
(3,7,5,6,8,2,4,1) : 1
(7,3,5) : 1
(8,3,5,1) : 1
(1,2,4,6,7) : 1
(3,4,6,2,1,8,7,5) : 1
(6,7,3,2,1) : 1
(6,7,1,5) : 3
(1,7,8,3,6,5,2,4) : 1
(6,7,2,3,1,5,8,4) : 1
(3,5,4,8) : 2
(3,7,1,2,6,8,4,5) : 1
(8,5,3,1,7,2,6,4) : 3
(1,3,2,6,4) : 1
(1,2,3,4,5,8,7,6) : 1
(8,5,3,6,7,2,1,4) : 1
(1,6,3,5,8,2,7,4) : 1
(1,3,2,4,5,8,6,7) : 1
(4,3,5,8,6,7,2,1) : 1
(6,1,3,4) : 4
(5,8,7,6,3,2,1,4) : 1
(6,3,8,1,5) : 1
(5,3,8,4,6,1,2,7) : 2
(3,2,7,6) : 1
(1,3,8,6) : 8
(8,5,6,3,4,7,2,1) : 1
(2,1,6,7,5,3,8,4) : 1
(7,4,8,5,1,3,6,2) : 1
(5,3,8,6,2,4,7,1) : 1
(8,3,1,4) : 1
(8,6,3,5) : 3
(3,6,8,1,4) : 1
(2) : 53
(5,6,1,8) : 1
(1,6,3,5,4,8,2,7) : 1
(8,1,5,3,2) : 1
(1,2,8) : 3
(4,5,1,3) : 1
(5,1,2,3,4,6,8,7) : 1
(5,3,8,6,4,7,1,2) : 1
(1,3,4,6,7) : 1
(1,6,8,3,2,5,4,7) : 1
(6,3,5,8,7,4,2,1) : 1
(5,7,8,3,2,6,4,1) : 1
(1,5,4,3,6,8,7,2) : 1
(4,3,5,6,8,7,2,1) : 1
(3,4,1,6,2) : 1
(2,4,1) : 1
(6,8,5,3,1,4,2,7) : 1
(7,2,6) : 4
(1,7,8,2,3,5,4,6) : 1
(4,3,5,1) : 2
(1,4,6,3,7,2,5,8) : 1
(8,5,1,6,7,4,3,2) : 1
(1,3,5,8,6,2,7,4) : 2
(5,7,8,1,6,2,4,3) : 1
(4,3,8,5) : 4
(1,3,5,6,8,7,4,2) : 1
(7,2,5,6,8,1) : 1
(8,4,3,1) : 4
(6,3,8,1,5,4,7,2) : 1
(8,4,5,7,2,1,3,6) : 1
(5,7,8,3,1) : 1
(5,8,1,3,4,6,7,2) : 1
(8,1,5,4,3,6,2,7) : 1
(7,2) : 13
(8,1,3,4,5,2,7,6) : 2
(8,1,5,3,4,7) : 1
(5,6,1,3,8) : 1
(3,6,2) : 7
(1,5,7,8,2,6,3,4) : 1
(1,7,8,3) : 2
(7,3,2,8) : 2
(3,8,5,4) : 5
(8,5,3,6,7,2) : 1
(4,6,1,3,8,5,2,7) : 1
(6,3,5,8,2) : 2
(3,8,5,4,6,1,2,7) : 1
(3,1,2,4,6,7,5,8) : 1
(5,6,1,3) : 1
(6,3,5,8,4,1,7,2) : 1
(8,5,2,1,7) : 1
(1,3,4,6,2) : 1
(4,5,8,3,1) : 1
(4,3,6,8,5,2,1,7) : 1
(3,6,7) : 10
(1,7,2,5,3,8,6,4) : 1
(8,1,2,5,3,6,7,4) : 1
(3,2,1,4,6,5,8) : 1
(8,7,1,3,4) : 1
(3,5,8,2) : 2
(5,1,2,3,4,6,7,8) : 2
(3,7,1) : 1
(6,2,5,8,3,4,1,7) : 1
(1,4,8,3,6) : 1
(5,8,3,6,4,2,7,1) : 1
(8,5,6,3) : 14
(8,3,5,7,4,6,2,1) : 1
(4,6,1,8,7,5,3,2) : 1
(7,8,2,1) : 1
(5,7,2,1,8) : 1
(1,4,3,6,7,2,8,5) : 1
(8,7,2,6,3) : 1
(2,7,3) : 1
(6,8,5,3,7,2,4,1) : 1
(3,8,1,5) : 3
(8,5,3,7,2) : 1
(1,7,6,5) : 2
(7,6) : 9
(4,6,3,5,2,8,7,1) : 1
(6,7,2,3) : 3
(8,6,7) : 2
(6,7,8,1) : 1
(6,8,7,2) : 1
(1,3,4) : 23
(3,5,6,1,4,8) : 1
(6,8,4) : 2
(1,5,8,2,7,3,6,4) : 1
(5,8,2,1,3,4,6,7) : 1
(7,2,3,1,6,4,5,8) : 1
(3,1,5,2) : 1
(1,7,8,5) : 1
(1,4,3,5,6,7,8,2) : 1
(1,8,6,3,5) : 1
(1,7,2,3,5,8,4,6) : 1
(3,4,5,8,1,6,7,2) : 1
(5,3,6,8) : 7
(6,2,1,3,4,5,8,7) : 1
(8,5,1,7,4,3,6,2) : 1
(6,7,8,5) : 2
(5,6,2,8) : 1
(7,6,5) : 1
(8,5,6,3,2,7,1,4) : 1
(8,5,1,4,3,2,6,7) : 1
(5,3,2,6) : 1
(1,6,7,3,4) : 1
(3,6,4) : 20
(7,2,1,6,3,8,5,4) : 1
(5,1,4) : 4
(3,5,6,8,4) : 2
(1,7,2,6,3,4,5,8) : 1
(8,3,7) : 3
(8,5,2,7,3,6,1,4) : 1
(3,2,1,6,5,4,7,8) : 1
(4,2,1,6) : 1
(8,5,3,6,2,1,7,4) : 2
(5,1,3,8) : 2
(3,1,2,5,6,7,8,4) : 1
(3,1,6,4,5,8,2,7) : 1
(2,1,3,7) : 1
(5,8,6,3,4,1,2,7) : 1
(8,6,5) : 5
(2,1,7,5,8,6,3,4) : 1
(3,1,6,8,7) : 1
(6,8,3,1,5,2,4,7) : 1
(1,7,6,4,8,3,5,2) : 1
(7,1,2,8,6,5,3,4) : 2
(1,4,7,2) : 1
(3,8,1,5,7,6,4,2) : 1
(3,1,5,8,7,6,2,4) : 1
(4,8,3,1,5,6,2,7) : 1
(3,6,5,8,2,7,1,4) : 1
(7,2,3,1,8,4,6,5) : 1
(3,4,7) : 1
(1,3,5,7,8,6,2,4) : 1
(1,2,5,8,7,6,4,3) : 1
(7,1,5,8,4,3,2,6) : 1
(1,3,4,2) : 1
(6,1,3,8) : 1
(1,3,5,8,4,6,2,7) : 1
(1,5,6,4,2,3,8,7) : 1
(6,3,4,8,5,1,7,2) : 1
(1,4,6,3,2,7,5,8) : 1
(5,8,7,2,3,1,6,4) : 1
(4,1,5,3) : 1
(1,5,8,2,7,3,4,6) : 1
(1,3,5,6,7,8,2) : 1
(3,7,5) : 1
(1,6,3,2) : 4
(4,3,1,2) : 1
(5,3,4,2) : 1
(8,5,3,6,1,7,2,4) : 2
(6,5,3,8,2,1,4,7) : 1
(1,8,5,3,2) : 1
(1,7,8,5,6,4,3,2) : 1
(3,6,4,2,7,8,1,5) : 1
(3,6,8) : 34
(2,4) : 1
(5,8,1,3,6) : 1
(5,1,6) : 2
(2,1,6,5,3,8) : 1
(6,3,2,1) : 2
(5,3,8,4,6) : 1
(1,6,4,8) : 1
(1,7,6,8,3,2,4,5) : 1
(7,1,2,6) : 2
(3,1,4,7) : 1
(1) : 723
(8,5,7,1,2,6,3,4) : 1
(5,3,8,2,6,1) : 1
(3,1,8,2,4,5,6,7) : 1
(8,3,1) : 9
(4,3,1,6,2,8,5,7) : 1
(4,5,8) : 3
(8,4,3,5) : 1
(3,1,8,6) : 5
(1,5,6,2) : 1
(1,8,5,4,3,2,6,7) : 1
(8,3,1,6) : 5
(1,5,8,2,3,4,6,7) : 1
(6,1,8) : 3
(5,2,1,3) : 1
(8,4,2,6) : 1
(5,6,2) : 1
(1,4,2,3,5,7,6,8) : 1
(5,8,2,7,3,1,6,4) : 1
(5,8) : 373
(4,5,8,3,6,2,1,7) : 1
(3,1,4,6,8,5,7,2) : 1
(3,6,2,1,4,5,7,8) : 1
(8,5,1,3,4,6,2,7) : 1
(5,3,8,6,7,2,1,4) : 1
(4,8,3,5,6,2,7,1) : 1
(8,5,6,1,2,3,4,7) : 2
(6,5,8,3,2,4) : 1
(3,1,6,7) : 4
(5,8,1,3,2,6,4,7) : 1
(3,5,6,7) : 1
(1,2,6) : 17
(3,6,5,1) : 2
(2,6,1,3,5,4,7,8) : 1
(6,4,3,1,2,5,8,7) : 1
(8,5,6,7) : 2
(1,3,6,5) : 1
(7,2,1,8) : 1
(1,2,7,3) : 9
(6,1,8,3,4,7) : 1
(1,2,7,6,3,8,4,5) : 2
(4,6,8,7,5,3,1,2) : 1
(1,2,7,3,6,8) : 1
(1,6,4,3,2,8,7) : 1
(1,4,2,8,3,6) : 1
(4,3,6,1,8) : 1
(1,2,6,7) : 12
(5,1,2,6) : 2
(1,6,4,2,3,5,7,8) : 1
(3,1,5,8,6,7,2,4) : 1
(3,8,4,7) : 2
(1,8,2,3,6,5,7,4) : 1
(5,4,3,8) : 2
(7,8,2) : 3
(6,3,2,7,1,5,4,8) : 1
(2,6,3) : 3
(1,7,6,2,3,8,4,5) : 1
(1,2,3,4) : 6
(8,7,6,5) : 2
(2,6,8) : 1
(4,5,3) : 6
(6,3,8,5,4) : 2
(8,5,6,2,3,1,7,4) : 1
(5,2,8,1,4,7,3,6) : 1
(1,2,5,8) : 6
(6,3,5,8,1,2,7,4) : 2
(8,5,2,3,7,6,4,1) : 1
(6,2,5,8) : 1
(3,6,1,4,8) : 2
(5,8,3,1,7,6,4,2) : 1
(1,5,8,3,6,7,2,4) : 2
(1,7,2,6,3) : 3
(5,6,4) : 1
(3,5,6,8,7,4,2,1) : 2
(6,3,8) : 24
(1,3,6,4,2,5,7,8) : 1
(1,3,2,4,5,7,6,8) : 2
(1,2,4,5,6,3,7,8) : 1
(5,2,8,1) : 2
(4,1,3,6) : 5
(1,8,5,6) : 3
(1,3) : 76
(1,8,5,2,6,4,3,7) : 1
(6,3,5,7,8) : 1
(8,6,1,7,3,4,5,2) : 1
(1,5,8,6,3,2,7) : 1
(6,3,2,1,7,8,5,4) : 1
(1,8,5,3,4) : 1
(7,1,2,5) : 2
(8,1,7) : 5
(1,6,2,3) : 2
(1,7,5,8,6,3,4,2) : 1
(7) : 69
(3,2,6,1,8) : 1
(8,5,3,6) : 18
(1,3,2,6,5,8,4,7) : 1
(7,8,3,2) : 1
(8,1,7,2) : 1
(8,2,1,4) : 1
(8,3,2,1,4,5,6,7) : 1
(1,2,7,6,3) : 1
(1,7,8,6,5,3,2,4) : 1
(6,1,2,7) : 2
(5,8,4,3,1,2,7,6) : 2
(8,1,4,3) : 1
(2,7,5,8,1,3,6,4) : 1
(2,4,1,6,8,7,5,3) : 1
(8,5,3,4,6,2,1,7) : 1
(3,4,6,1,5,8,2,7) : 1
(5,6,3,2) : 1
(1,2,5,8,7) : 1
(5,8,3,4) : 11
(6,1,5,3) : 2
(3,2,5,1,7,4) : 1
(7,5,6) : 1
(1,8,5,7) : 2
(7,2,1,6) : 4
(3,6,1,2,7,8) : 1
(3,1,2,6,8,4) : 1
(1,6,7,8,2,5,3,4) : 1
(2,6) : 11
(8,2,6,3) : 1
(4,8,5,3,6,2,1,7) : 1
(5,1,6,8) : 3
(1,7,5,8) : 3
(5,1,3,7,8,6,2,4) : 1
(1,5,2,8,3,7,4,6) : 1
(2,1,7,8,6) : 1
(5) : 400
(1,8,3,6) : 1
(1,2,5,7) : 4
(1,3,8,2,4,5,6,7) : 1
(1,6,2,3,8) : 2
(6,2,3,7,1) : 1
(5,8,2,6,1,7,3,4) : 1
(8,6,7,4,3,2,1,5) : 1
(1,4,2) : 3
(8,5,4,3,6) : 3
(5,1,8,6) : 2
(3,7,8) : 1
(8,5,3,7,2,1,6,4) : 1
(6,4,3,8) : 1
(3,1,7,4,2,6) : 1
(3,5,8,4,6,1,2,7) : 3
(2,1,3,4,6,5,7,8) : 1
(1,5,8,3,4,6,2,7) : 1
(1,7,2,3,4,5,6,8) : 1
(3,6,1,7,5,8,4,2) : 1
(8,7,1) : 4
(5,7,1,8) : 1
(1,5,6) : 3
(1,2,5,8,7,3,4,6) : 1
(2,6,3,1) : 2
(1,8,3,6,5,4,2,7) : 1
(3,1,4,6,7) : 1
(8,5,7,2,3) : 1
(1,2,6,7,8,5,4,3) : 1
(2,6,5,8) : 1
(3,7,2,1,4,6) : 1
(1,3,5,8) : 6
(1,4,6,8) : 1
(4,1,3,8,5,6,7,2) : 1
(7,6,2,1,3,4,5,8) : 1
(3,6,2,8) : 2
(3,5,6,1) : 2
(1,5,3,8,4,6,7,2) : 1
(1,7,6,2,3,5,8,4) : 1
(3,1,4,2) : 1
(3,5,8,1,4) : 1
(1,8,5) : 24
(3) : 296
(3,8,5,4,6) : 1
(7,1,5,8,3,6,2,4) : 1
(8,6,1,5,4,3,7,2) : 1
(7,5,2,8) : 3
(3,5,6,8) : 6
(3,1,8,5,6,7,4,2) : 1
(1,5,2,6) : 1
(1,8,3,5) : 1
(6,8,5,7,2,3,4,1) : 1
(6,1,3,8,5) : 1
(3,7,2,8) : 1
(5,1,3,2,4,6,8,7) : 1
(4,5,8,1) : 1
(5,8,2,6) : 3
(7,5,8,2) : 2
(1,6,2,8) : 1
(1,2,6,7,3,4,5) : 1
(5,1,8,2) : 2
(5,8,1,3,4,2,6,7) : 2
(4,1,8) : 8
(5,6,8,7) : 1
(1,3,5,8,6,4,2,7) : 1
(6,7,3,2,1,4,5,8) : 1
(1,4,6,2) : 2
(6,2,3,1) : 1
(1,8,7,6,5,3,2,4) : 1
(5,8,3) : 44
(8,7,1,3,2,5,4,6) : 1
(2,1,7,3,5,6,8,4) : 1
(8,5,3,4,6,1,2,7) : 1
(2,8,5,6) : 1
(1,3,4,6) : 4
(8,3,1,5,2,7,6,4) : 1
(5,8,6,7,3,1,2,4) : 1
(4,5,7,6,8,3,1,2) : 1
(5,8,6,3,1,7,4,2) : 1
(3,5,8,1,6,2,4,7) : 1
(3,1,2,8) : 1
(3,1,7,8,2) : 1
(4,2) : 2
(5,3,4,1) : 1
(6,3,7) : 8
(3,1,8,5,6,2,4,7) : 1
(1,6,5,8) : 2
(3,5,7,8) : 1
(1,4,5) : 4
(4,6,8,3) : 1
(3,1,7,6) : 2
(8,2,3) : 1
(8,5,3,6,7,4,2,1) : 2
(1,3,2,7) : 3
(4,3,5,1,6,2,7,8) : 1
(8,7,6,3,1) : 1
(6,2,1,5,7,8,3) : 1
(5,8,7,1) : 3
(1,2,6,7,3,4,5,8) : 2
(8,5,3,4,1,7,2,6) : 1
(8,5,4,3,1) : 1
(8,6,4,2,1,3,5,7) : 1
(1,3,4,6,7,2,5,8) : 1
(3,1,6,7,4,2,5,8) : 1
(7,8,5,2,6) : 1
(1,7,6,2,3,8,5,4) : 1
(6,4,1) : 2
(3,4,1,6,7,2,8,5) : 2
(3,6,1,2,7) : 3
(1,3,6,2,5,8,7,4) : 1
(4,5,7,2,3,6,8,1) : 1
(5,8,2,3) : 2
(7,8,5) : 2
(1,8,3,6,4,2,7,5) : 1
(3,1,8,6,5) : 1
(3,7,6,1) : 1
(4,3,2) : 2
(1,8,3,4) : 2
(6,3,2,7) : 2
(1,6,8,3) : 4
(1,7,8,5,6,3,2,4) : 1
(6,7,8,5,3,1,2,4) : 1
(3,1,6,7,5,8,4,2) : 1
(3,8,5,1,6,2,7,4) : 1
(7,6,2,8,1,3,4) : 1
(1,4,3,8,5,6,2,7) : 1
(1,3,6,7,8,5,2,4) : 1
(7,2,5,1) : 1
(8,5,1,3,2,6,4,7) : 2
(1,2,6,7,5,3) : 1
(8,5,7,1,3,2,4,6) : 1
(1,2,3,8) : 1
(3,6,5,8,7) : 1
(2,3,6,8,5,1,7,4) : 1
(3,6,7,8,5,1,2,4) : 1
(8,5,2,1) : 5
(5,7,8) : 11
(1,4,6,7) : 2
(8,5,3,4,6) : 2
(1,2,3,5,6,7,8,4) : 4
(3,8,4,1) : 2
(3,8,6,5) : 7
(5,7,1,3) : 1
(3,6,1,5,8,7,2,4) : 1
(8,5,1,3,6,7,4,2) : 1
(7,5,1,8,6,3,2,4) : 1
(5,1,8) : 27
(1,5,3) : 11
(5,8,3,6,4,7,2) : 1
(1,5,8,2,4,7,6,3) : 1
(8,5,2,3,6) : 1
(5,8,3,4,6) : 1
(3,4,1,6,2,5,7,8) : 1
(3,5,6,8,4,1,2,7) : 1
(6,5,1,3) : 1
(8,5,7,2) : 4
(4,3,5,6) : 1
(4,1,5,6) : 1
(5,4,1) : 2
(4,3,8,1) : 3
(5,8,2,7,1,3,4,6) : 1
(6,1,3,8,7,5) : 1
(3,5,4,8,6,1) : 1
(1,5,8,2,3,7,6,4) : 1
(7,1,2,4) : 1
(1,5,3,8,2,4,6,7) : 1
(1,3,6,5,7,2,4,8) : 1
(1,4,8,2,3,7,6,5) : 1
(2,1,6,7,3) : 1
(6,8) : 17
(7,1,5,8) : 1
(3,4,6,8,5,7,2,1) : 1
(6,4,1,3) : 2
(3,1,6,5,4,8,7,2) : 1
(4,5,8,6,3,2,7,1) : 1
(1,8,2,4) : 1
(3,4,1,8) : 4
(2,6,7,1,3) : 1
(8,1,2,7,5,6,3,4) : 1
(1,2,7,6,3,5,8,4) : 2
(4,3,6,1,2,7,5,8) : 1
(1,7,6) : 16
(4,5,8,6) : 1
(3,6,5,8,7,2,4,1) : 1
(5,1,8,3) : 5
(3,2,4) : 2
(6,5,2) : 1
(7,1,3,2) : 1
(4,1,3) : 12
(3,1,8,5,4,6,7,2) : 1
(2,6,5,8,3,1) : 1
(2,6,1,4,5,8) : 1
(5,8,6,7,3) : 1
(8,5,1,4) : 2
(6,2,8,5,1,3,7,4) : 1
(3,5,6,8,1,4,2,7) : 1
(8,7,3) : 2
(3,4,6,5,8,1,2,7) : 1
(1,2,4,5) : 1
(8,3,6,1,5) : 1
(2,1,5,7) : 1
(2,3,4) : 1
(1,5,8,4) : 1
(8,1,3,4,5,6,7,2) : 1
(1,3,4,7) : 1
(3,4,5,6,8,1) : 1
(7,1,6) : 5
(8,6,7,2,3) : 1
(8,5,7,1,2,3,4) : 1
(7,1,2,3) : 4
(5,8,3,2,4,1,6,7) : 1
(4,1,5,8) : 1
(8,6,1,5) : 1
(7,1,3,2,4,5,8,6) : 1
(1,6,3,4,2,7,5,8) : 1
(6,1) : 23
(8,1,3,6) : 1
(1,3,5,4) : 1
(5,8,6,2,7,3,1) : 1
(1,5,3,8) : 3
(8,1,5,3,2,4,6,7) : 1
(7,2,8,1) : 2
(1,7,3,2,6) : 1
(4,5,6,3,8,1,2,7) : 1
(3,1,2,6,8,5,7,4) : 1
(1,5,7,8,2,3,4) : 1
(8,5,3,6,1,7) : 1
(1,6,3,8,4,2,7,5) : 1
(1,4,7,3,6,5,8,2) : 1
(5,8,3,4,1,2) : 1
(5,4,3,6,8,1) : 1
(3,6,5,4,8,1,7,2) : 1
(7,5) : 7
(7,2,5,8,3,6,1) : 1
(5,2,6,7,8,1,3,4) : 1
(5,6,4,8) : 1
(5,4,3,8,1,6,2,7) : 1
(6,3,5) : 3
(5,8,3,7,1,4,2,6) : 1
(8,3,2,6) : 1
(1,6,7,3,2) : 2
(1,4,5,2,3,6,7,8) : 1
(6,8,5) : 9
(1,2,7,3,8,6,5,4) : 1
(2,5,8,1) : 1
(5,4,8,6,3,2,1,7) : 1
(3,1,8,5,6,7,2,4) : 1
(1,4,5,3) : 2
(8,5) : 551
(3,8,4,5,6,1,2,7) : 1
(8,3,6) : 7
(7,1,2,5,6,8,3,4) : 1
(8,3,1,7) : 2
(1,3,8,6,4,5,2,7) : 2
(3,1,4,8,6,7,5,2) : 1
(8,1,5,7,2) : 1
(5,8,4,3,6,7,2,1) : 2
(6,7,2) : 8
(5,7,1,2) : 1
(1,4,3,2) : 1
(3,8) : 48
(5,8,3,2) : 3
(1,7,3,2) : 5
(1,6,3,7,5,4,2,8) : 1
(1,2,6,7,3,5,8,4) : 1
(3,8,1,7) : 1
(1,2,5,8,6) : 1
(1,8,5,6,3,2,7,4) : 1
(8,6,7,2,5) : 1
(5,8,3,7,2,1,6,4) : 1
(5,3,8,6,4,7,2,1) : 3
(4,6,3,8,1,2,5,7) : 1
(1,2,3,4,6,7,5,8) : 1
(3,8,5,1,2,6,4,7) : 1
(1,3,7,2,6,4,8,5) : 2
(3,8,4) : 13
(3,1,2) : 5
(1,8,4,3) : 1
(8,6,1,3) : 1
(6,5,3) : 4
(4,6,5) : 1
(4,8) : 28
(3,1,6,4,2,8,7,5) : 1
(1,3,2,8,6,5,4) : 1
(2,1,8,5,7,3,6,4) : 1
(3,6,8,1,5) : 1
(3,4,6,8,2,5,1,7) : 1
(8,3,4,6) : 1
(4,7,8,2) : 1
(1,2,7) : 40
(4,1,3,8) : 1
(8,1,5,3,6,4,7,2) : 1
(8,6,3,7,5,4,2,1) : 1
(1,2,6,7,8,5,3,4) : 1
(8,1,5,4,2,7,6,3) : 1
(1,5,6,3,8,7,2,4) : 1
(1,6,3) : 45
(8,5,4,1,6) : 1
(1,2,8,7) : 1
(3,1,5,6) : 2
(1,2,4,6) : 1
(8,2,1) : 1
(2,1,5,3,6,8,7,4) : 1
(7,8,5,2,3,6,1,4) : 1
(5,2,1) : 2
(8,5,6,4,3,1) : 1
(1,8,2,5,6,7,3,4) : 1
(3,1,5,6,7,8,2,4) : 1
(1,7,6,5,8,3,2,4) : 1
(8,5,3,1,4,7,6,2) : 1
(1,6,5) : 3
(3,8,1) : 14
(1,5,3,6,8) : 1
(1,7,5,3) : 2
(5,1,8,7,2) : 1
(1,6,5,3,7) : 1
(1,4,7,2,6,3,8,5) : 1
(1,7,2,5,8,6,3,4) : 1
(1,7,2,5,6) : 1
(4,8,3,5,6,2,1,7) : 1
(1,6,2,7) : 8
(3,5,8,1,6,4,2,7) : 1
(4,8,3,6) : 1
(5,8,6,3,7,1,4,2) : 1
(6,3,7,2) : 1
(4,3,8,5,1,7,2,6) : 1
(2,3,5) : 1
(8,5,2) : 14
(6,2,7,1,3,8,4,5) : 1
(4,3,8,6,2) : 1
(3,6,7,2) : 3
(6,8,5,3,4,1,2,7) : 1
(2,1,3,7,8,6,5,4) : 1
(8,5,6,2,1,3,4,7) : 1
(3,1,7,2) : 1
(8,5,1,3,7,6,2,4) : 1
(3,1,6,8) : 4
(8,5,7,1,2,3,4,6) : 2
(8,5,3,4,1,6,7,2) : 1
(2,1,7,6,3,5,8,4) : 1
(3,8,5,4,1) : 1
(8,4,3) : 4
(1,6,3,4,7,2,8,5) : 1
(4,3,5,8) : 1
(2,1,6,7) : 1
(2,7,1,3,6,5,4,8) : 1
(4,3,1,6,2) : 1
(8,5,7,1) : 2
(1,6,3,7,4) : 1
(4,1,3,8,2,6,5,7) : 1
(8,5,6,1,7,4,3,2) : 1
(2,7,6,3) : 2
(1,2,3,6,5,7,8,4) : 1
(1,2,5,4,3,6,7,8) : 1
(4,1) : 33
(5,3,8,4,2,6,7,1) : 1
(1,5,2) : 3
(2,1,3) : 1
(5,8,6,1,3) : 1
(1,7,2,3,6,8,5,4) : 1
(4,8,5,6,2,1) : 1
(1,4,6) : 12
(5,8,2,1,6,3,7,4) : 1
(5,1,8,7,3) : 2
(7,2,1,3,4,6,8,5) : 1
(5,8,7) : 19
(6,7,3,5,4,2,1,8) : 1
(5,8,3,6,4,7,1,2) : 1
(5,7,8,6,3,2,4,1) : 1
(2,5) : 4
(5,3,8) : 13
(4,5,3,8,2,6,1,7) : 1
(5,2,7,8,6,1) : 1
(2,7) : 5
(1,4,3) : 22
(5,8,1,4,6,7,2,3) : 1
(3,7) : 4
(6,3,4,5,8,2,1,7) : 2
(8,6,3,1) : 1
(4,2,6,7,8,3,5,1) : 1
(5,1,3,8,2) : 1
(1,7,6,2,8,5) : 1
(7,6,1) : 6
(3,4,6,1) : 6
(4,6,3,5,1,8,7,2) : 1
(6,3,7,1,2,5,8,4) : 1
(8,5,4,3,1,2,6,7) : 1
(3,8,5,6,4,1,2,7) : 1
(1,5,8,2,4,3,6,7) : 1
(5,8,7,2,6,3,1,4) : 1
(6,1,4,3) : 3
(3,4,8,5,6) : 1
(6,3,8,4) : 1
(8,1,3) : 19
(6,1,5,7) : 1
(4,7,2) : 1
(1,3,5,8,4,2,7,6) : 1
(1,3,6,8,4) : 2
(3,6,2,1) : 2
(1,6,3,7,2,8,5,4) : 1
(5,1,8,3,7,4,6,2) : 1
(7,6,1,2,3,5,8) : 1
(7,2,1,5,3,4,6,8) : 1
(2,5,8,1,4,3,6,7) : 1
(2,1,7,6,8,3,5,4) : 1
(8,1,2,5) : 2
(3,8,5,1) : 1
(8,5,4,6,7,3,2,1) : 1
(3,5,4,8,6,1,2,7) : 1
(1,3,7,2) : 1
(8,5,1,3,2,4,7,6) : 1
(3,8,2) : 1
(4,7,2,3,6,5,8,1) : 1
(8,4,1,2) : 1
(8,5,1,3,2,4,6,7) : 1
(8,2,5) : 4
(1,2,3,8,4,5,6,7) : 1
(3,4,6,8,5,1) : 1
(6,3,1,8,5,4,2,7) : 1
(5,6,3,8,4,1,2,7) : 1
(1,7,2,8,6,5,3,4) : 1
(1,7,6,3,8,5) : 1
(1,4) : 36
(6,3,1,4) : 4
(1,2,7,3,6,8,5,4) : 1
(5,2,8,7,3,6,1,4) : 1
(6,3,2) : 10
(1,3,5,7) : 1
(1,2,3,5,7,8,6,4) : 1
(6,1,2,5,8) : 1
(4,8,3) : 9
(2,7,1,8,6,5) : 1
(3,5,8) : 20
(6,1,3,4,2,7,8,5) : 1
(1,4,7,3,8,5,6,2) : 1
(6,2,3,1,5,8,7,4) : 1
(6,3) : 43
(1,2,7,6,8) : 2
(1,2,3,4,5,6,7,8) : 5
(8,5,3,1,6,7,2) : 2
(1,3,2) : 12
(1,4,2,7,3,6,8,5) : 1
(1,2,5) : 6
(6,1,4,3,7,2,8,5) : 1
(8,5,4,3,6,1,2,7) : 1
(1,6,5,2) : 1
(6,5,7,8,3,1) : 1
(3,1,6,2,7,4,8,5) : 1
(1,7,8,4) : 1
(8,5,1,6,3,2,7,4) : 1
(7,1,5,3,2,6,8,4) : 1
(1,3,6,7,2) : 1
(1,8,4) : 4
(4,3,1,6,7,5,2,8) : 1
(6,3,1,4,2,5,8,7) : 1
(5,6,3,7,2,8,1,4) : 1
(5,8,1) : 37
(4,3,1,7) : 1
(2,7,1,5) : 1
(8,1,5,6,3,2,4,7) : 1
(4,1,6,3,7,2,5,8) : 1
(3,5,8,1,4,6,2,7) : 1
(1,2,8,6,7) : 1
(6,3,2,1,7,5,8,4) : 1
(1,3,2,7,6) : 2
(2,3,6,7) : 1
(3,5,8,4) : 2
(6,7,2,1,3,5,8,4) : 1
(5,8,1,3,4,6,2,7) : 1
(8,5,3,6,4,2,1,7) : 3
(2,3,5,1,8,7,6,4) : 1
(4,3,1,8,5) : 1
(6,8,3,4) : 2
(1,2,3,5) : 1
(1,5,8,6,4,3,2,7) : 1
(5,1,3,8,7,2,6,4) : 1
(8,1,7,5,6,2,3,4) : 1
(1,6,4) : 4
(3,8,5,4,1,6,2,7) : 1
(7,8,3) : 2
(1,3,2,4,6,7,5,8) : 1
(8,1,7,2,5,3,6,4) : 1
(8,3,5,6) : 5
(8,5,3,1,2) : 1
(4,3,5) : 8
(7,2,5,8) : 4
(8,5,4) : 21
(7,6,5,4,1) : 1
(1,3,6,4,8) : 1
(1,3,4,6,8,5,2,7) : 1
(6,7,3,8,4,5,1,2) : 1
(6,1,5,8,3) : 1
(1,6,7,3,2,5) : 1
(2,6,3,8) : 1
(8,2,3,6) : 1
(8,5,4,3,6,2,1,7) : 1
(2,1,6,4,3,7,5,8) : 1
(1,5,2,7) : 1
(5,8,1,7,6,4,3,2) : 1
(5,3,8,1,6) : 1
(8,3,6,5) : 4
(5,8,6,1) : 4
(3,4,5,6,8) : 1
(1,5,8,4,3,6,2,7) : 2
(5,1,2,8,7,3,4,6) : 1
(5,7,4,2) : 1
(3,4,1) : 15
(5,8,3,6,7,2,4,1) : 1
(8,5,4,1,3,6,2,7) : 1
(1,3,5,8,6,7,2,4) : 1
(6,3,1,5) : 2
(3,4,6) : 52
(3,4,5,1) : 1
(2,1,7,6,5,8,3,4) : 1
(2,8,6) : 3
(6,5,4,3) : 1
(7,8,1) : 1
(5,6,7) : 3
(8,5,7,1,3,4,2,6) : 1
(3,6,8,1,5,2,4,7) : 1
(2,7,1,6,3) : 1
(3,5,1,8,6,2,7,4) : 1
(4,1,7) : 1
(1,5,4,2,3,6,7,8) : 1
(3,4,2,6) : 1
(4,5,6) : 2
(1,7,6,2,3,4,5,8) : 2
(6,5,8,4) : 1
(5,8,1,7) : 5
(1,8,2,7) : 1
(8,5,7,1,6,2,3,4) : 2
(4,1,3,6,8,2,7,5) : 1
(4,6,3,7,2,1,8,5) : 1
(1,2,4,7,6) : 1
(3,1,5,8,2,7,6,4) : 2
(4,1,6) : 2
(5,6,2,1,7,8) : 1
