1,2,3,4,5,6,7,8,9,10
1,2,3,4,5,6,7,8,9,10
1,2,3,4,5,6,7,8,9,10
Informal,0
-+-+-+-+-+-+-+
(4,5,7,2,1) : 1
(5,6,10,3) : 5
(1,4,10,2,7) : 1
(1,4,7,10,6,5) : 1
(9,4,2,3,7,8,1,5,6,10) : 1
(4,2,3,7,8,9,5,6,10,1) : 1
(5,4,3) : 1
(1,7,10,6,4,9) : 1
(10,3,6) : 2
(3,5) : 2
(9,7,2) : 3
(8,4,1) : 4
(1,4,7,8,6,10,2) : 1
(2,7,5,10) : 1
(10,1,2) : 4
(4,1,10,5,6,8,2,3,9,7) : 1
(5,7,10,4,2) : 1
(6,7,10,1,5) : 1
(5,6,10,1,8,9,4,2,3,7) : 1
(10,8,7,5,2,6,4,3,9,1) : 1
(6,5,4,10,7,9,2,8,1,3) : 1
(5,1,6,10,7,3,2,8,4,9) : 1
(4,3,1,2) : 1
(10,6,1,4,5,2) : 2
(6,4) : 19
(4,1,7,9) : 5
(4,6,8,1) : 1
(5,6) : 167
(6,5,3,10) : 1
(1,7,8,2,4,3,10) : 1
(10,6,1,5,4,3,2,8,7,9) : 1
(10,7,5,1) : 1
(9,7,4,1) : 1
(4,1,7) : 55
(9,1,2) : 3
(8,3) : 2
(5,6,10,4,1,2) : 1
(6,9,5,3) : 1
(10,6,9) : 2
(1,4,2,3,8,9,7,5,6,10) : 1
(8,7,4) : 1
(4,2,7,8,1) : 1
(6,5,2) : 4
(4,5) : 47
(6,5,10,1) : 13
(4,2,5,6,10,8,7,1,3,9) : 1
(1,6,5,2,10,9,8,7,3,4) : 1
(4,5,10,1) : 1
(1,10,7,2) : 1
(6,7,5) : 1
(5,1,2,10,4) : 1
(7,8,4,1) : 1
(5,1) : 16
(10,4,1,2,5,6,7,8,9,3) : 1
(1,2,3,4) : 1
(10,3,6,8,7,9,1,2,4,5) : 1
(4,1,2,5,7,8) : 1
(9,4,10,3,2,5,6,7,8,1) : 1
(5,6,10,4,1,9,2,3,8,7) : 1
(9,2,8,3) : 1
(4,7,3,1,2,5,6,8,9,10) : 1
(4,6,5,2,10,9,8,1) : 1
(10,5,4,2) : 1
(4,9,2,6) : 1
(9,3,5,10,6) : 1
(2,4,5,7,6,10) : 1
(2,3,7) : 3
(4,3,1,2,8,5,6,7,9,10) : 1
(5,6,10,4,1,9,8,2,3,7) : 1
(6,8,4) : 1
(3,9,1) : 2
(4,5,9,1) : 1
(1,9) : 3
(7,4,2,10,9,3,1,5,6) : 1
(1,4,8,2,10,6) : 1
(6,1,8,10) : 1
(5,6,4,8,10,7,1,2,3,9) : 1
(2,5,10,9) : 1
(4,7,9,8,1,2,3,5,6,10) : 1
(10,5,6,1,3,2,4,9,7,8) : 1
(7,1,8,4,2,3,9,10,5,6) : 1
(4,1,8,7,2) : 3
(10,9,6,5,4,2) : 1
(4,5,1,7) : 2
(7,2,8) : 2
(2,10,6,5,3) : 1
(10,7,3) : 1
(1,4,7,2) : 8
(4,5,6,10,8,3,2,1,9,7) : 1
(10,8,1,4,6,7,9) : 1
(1,4,7,2,8,3) : 2
(3,9,7,8,1,2,4,5,6,10) : 1
(9,10,6,5,3) : 2
(6,1,5,8) : 1
(10,7,2,5,6,9,3) : 1
(6,4,9) : 1
(1,2,8,10,9,4,6,7,5,3) : 1
(5,6,10,2,4,7,8,9,1) : 1
(10,9,1,7) : 1
(10,3,5,9) : 1
(4,7,5,6) : 1
(2,4,7,10,1,5,6) : 1
(3,9,10) : 6
(4,8,3,1,5,6,9,10,7,2) : 1
(9,10,3,6,5) : 1
(6,10,5,7) : 4
(6,5,10,4,7) : 1
(2,8) : 2
(4,1,2) : 30
(2,7,4,1) : 1
(1,7,4) : 10
(3) : 42
(10,1,9) : 1
(10,9,2,7) : 1
(4,8,3,2,7,9,10,6,5,1) : 1
(10,6,5,3,9,7,2,1,4,8) : 1
(5,6,10,2,7,4,8,1,9,3) : 1
(1,6,5,7,10) : 1
(10,6,5,9,2) : 2
(10,7,1,6) : 1
(7,2,1,5) : 1
(3,7,9,4,5,6,10,2,8,1) : 1
(1,6,7,5,10,4,2,8,9,3) : 1
(4,7,8,9,1,2,3,5,10,6) : 1
(7,4,9) : 1
(1,8,4,7,2,3,5,6,10,9) : 1
(6,10,3) : 2
(10,6,4,2,5,9,3,7,8,1) : 1
(6,5,10,7,1,2,8,9,4,3) : 1
(4,8,1,7,9) : 1
(1,8,10,6,5,7,4,2,3,9) : 1
(8,4,2,6,5,7,9,10,3,1) : 1
(9,10,6,5) : 2
(7,9,10) : 1
(1,4,5,10,7,2,8,3,9) : 1
(4,2,1,8,3,7,9,10,5,6) : 1
(8,6,5,4,10,9,2,7,3,1) : 1
(9,3,10) : 4
(1,3,10,6,5,8,2,4,7,9) : 1
(4,5,1,9,10,8,7,6,3,2) : 1
(9,8,10,7,6,5,4,3,2,1) : 1
(4,7,8,9,3,2,1,5,6,10) : 1
(5,6,4,7,10) : 1
(6,5,10,1,4,7) : 1
(1,4,3,8) : 1
(10,3,8,7,6,2,1,5,9,4) : 1
(4,6,5,10) : 5
(8,6,5,10) : 1
(2,5,6,10,1,8,3,7,9,4) : 1
(6,10,5,1,3) : 1
(1,2,10,7) : 1
(6,10,5,3) : 1
(10,5,6,1) : 27
(4,9,2,1,8,7,3,5,6,10) : 1
(4,7,8,10) : 3
(5,6,8,10) : 3
(4,2,7,8,9) : 1
(10,6,5,7,4,3,2,8,1,9) : 1
(4,2,8,7) : 2
(4,8,2,7) : 1
(10,5,6,7,8,9,4,3,2,1) : 1
(7,5,2,3) : 1
(2,10,6,5,9,7,3,4,8,1) : 1
(2,7,5) : 1
(1,8,10,5,6) : 1
(7,4,10,5) : 1
(5,6,1,8) : 2
(9,2,10,6,5) : 1
(10,4,5,2) : 1
(1,10,5,6,8,7,4) : 1
(2,10,7,5,3,9) : 1
(6,4,7) : 3
(10,1,5,4) : 1
(7,2,10,5,9,3,4,1,8) : 1
(5,4,9) : 1
(10,6,5,4,2) : 3
(6,2,9,3,10,5,4,7,8,1) : 1
(10,7,6,5,8,1,2,4,3,9) : 1
(1,8) : 29
(10,5,6,1,4,7,8,2,3,9) : 1
(10,8,4) : 1
(4,7,1,2,6) : 1
(3,7) : 6
(6,5,1) : 10
(8,5,4) : 2
(1,10,7,2,4) : 1
(10,6,5,4,2,7,3,9,8,1) : 1
(7,1,2,4,5) : 1
(1,4,5,2) : 1
(10,3,6,9) : 1
(7,8,3,4,5,6,9,10,2,1) : 1
(8,5,6,10,1,4,9,3,2,7) : 1
(4,7,8) : 11
(2,6,10,5) : 1
(10,5,6,9,2,3) : 1
(5,6,10,2,9,8,7,4,3,1) : 1
(5,6,3,10) : 1
(10,5,6,2,7) : 1
(4,2,5,1) : 4
(10,6,2,7,5,3,4,9,8,1) : 1
(5,1,3) : 2
(2,1,5,6) : 1
(10,9,5,6) : 1
(4,3,6) : 2
(4,5,1) : 16
(4,1,8,9) : 1
(5,7,6) : 1
(9,2,1,4) : 2
(10,6,8) : 3
(10,7,5,6,2) : 1
(7,1,2) : 3
(1,4,6,10,5,8,2,7,9,3) : 1
(5,10,6,4,1) : 1
(8,6,5) : 2
(1,8,5,6,10) : 1
(5,6,10,7,8,9,4,3,2,1) : 2
(1,7,4,5) : 1
(10,7,2,5) : 1
(2,7,8,9) : 1
(1,4,2,8,6) : 1
(4,1,3,5) : 1
(9,2,10,3) : 1
(10,9,4,2) : 1
(10,4,8,6) : 1
(4,1,8,9,3,2,7,5,6,10) : 1
(10,9) : 9
(10,5,6,8,4) : 2
(6,5,10,1,2,4,8,9,7,3) : 1
(6,7,2,1,5) : 1
(9,4,3,2,1,7,5,6,10,8) : 1
(6,5,2,10,8,7,1,4,3,9) : 1
(6,5,10,1,4) : 2
(1,5,7,2,10,6,4,8) : 1
(7,10,2,1,4) : 1
(4,6,10,5,2,8,9,3,1,7) : 1
(10,6,1,5,7) : 1
(6,5,10,4,2) : 1
(10,2,6) : 4
(10,5,4,8,1,2,3,7,9,6) : 1
(10,4,1,8,9,2,3,7,5,6) : 1
(1,6,5,10,4) : 1
(6,10,2,7) : 1
(5,6,10,1,7,4,2,8,3,9) : 1
(5,1,7) : 5
(4,10,6) : 19
(7,1,8,9,4) : 1
(1,5,6,7,10,9,2,3) : 1
(4,7,8,9,10) : 1
(6,10,1,5) : 1
(9,4,3,2) : 4
(10,1,5,2,3,4,7,8,6,9) : 1
(5,4) : 26
(6,1) : 4
(10,1,4,6) : 4
(1,4,6,5,10,8,3,7,9,2) : 1
(2,6,4) : 2
(4,7,8,9,10,3,2,1) : 1
(7,5,10,6) : 2
(6,7,1,2,9) : 1
(6,5,4,3,2,1,7,8,9,10) : 1
(4,8,1,10) : 2
(1,5,2) : 3
(4,3,8) : 2
(1,5,2,7) : 1
(7,1,5,8,6,2) : 1
(4,10,7,6,8,2) : 1
(10,5,2,6,7) : 1
(10,5,6,1,8,2,7,3,9,4) : 1
(5,7,10,2) : 1
(10,1,2,4,8) : 1
(1,4,2) : 13
(5,6,1,10,8,7,4,3,2,9) : 1
(8,1,4,6) : 2
(4,8,1,2,7,3,9,5,6,10) : 1
(4,9,2,5,8,6,7) : 1
(10,6,4,2,8,7,1,5,9,3) : 1
(1,4,8,5,6,7,2,10) : 1
(9,1,3,8) : 1
(7,2,10) : 2
(7,8,1) : 2
(10,5,6,7,2) : 1
(9,3,7,1) : 1
(10,6,5,2,4,3,8,7,9,1) : 1
(1,5,6,3,2,8,9,10,7,4) : 1
(4,7,9,3,2) : 1
(10,1,2,3,8,5,6,7,9,4) : 1
(6,5,10,7,3) : 2
(4,8,9) : 1
(1,4,8,10) : 3
(4,2,9,5,6,10,7,3,1,8) : 1
(4,8,3) : 1
(7,4,5,6,10,2) : 1
(6,1,3) : 1
(4,7,5,1,3,2,6,8,10,9) : 1
(5,10,6,4,1,2,7,3,8,9) : 1
(4,6,5,10,3,7,2,9,8,1) : 1
(5,6,2,10,7) : 1
(1,4,7,10,2,5,6,9) : 1
(9,2,7,4) : 1
(2,4,1,7,9,5,3,8,6,10) : 1
(6,1,5,4) : 1
(6,1,9) : 1
(8,1,2,4) : 1
(4,6,9) : 3
(4,6,7,2,10) : 1
(6,5,9) : 3
(4,10,5,7) : 1
(2,4,5,6,7,10,8,3,9,1) : 1
(4,6,8,9) : 1
(1,10,6,5) : 17
(5,2,7,10) : 1
(9,5,2) : 1
(4,2,8,5,1) : 1
(10,5,6,8) : 4
(8,10,7,4) : 1
(5,6,10,7,1,9,4,2,3,8) : 1
(6,4,8,2,7,3,10,5,1,9) : 1
(10,1,8,4) : 2
(10,6,9,7,4,5,2,1,8,3) : 1
(10,7,6,5,4,2) : 1
(7,3,9,1,2,4,5,6,10,8) : 1
(4,10,2) : 8
(8,4,2,10) : 1
(4,7,2) : 39
(6,1,4,5) : 1
(10,2,9,6,5,1,4) : 1
(1,5,2,4) : 1
(6,5,4,10,2,7,8,1,9,3) : 1
(8,1,9) : 1
(4,1,10) : 19
(4,2,9,1) : 2
(6,4,8,10) : 1
(5,6,10,9,2) : 1
(10,6,2,5) : 1
(8,7,4,1) : 1
(10,1,2,8) : 1
(4,1,2,8,7) : 1
(10,1,6,5,2,8,4,7,9,3) : 1
(4,7,1,10) : 4
(4,7,2,1,3,8,9,5,6,10) : 1
(3,5,8,10,4,6,9,2,1,7) : 1
(7,2,4,10,5,6,8,3,1,9) : 1
(8,1,2) : 3
(2,10,6,9) : 1
(4,1,2,6) : 2
(10,1,4,8,5,7,6,3,9,2) : 1
(7,10,4,1,5,6) : 1
(4,2,9,6) : 1
(9,5) : 2
(2,9,3,7) : 2
(5,8,7) : 1
(1,8,4,5,6,7,10,9,3,2) : 1
(5,6,10,1) : 33
(5,6,2,4,7,9,10,3,1,8) : 1
(5,2,10) : 2
(1,4,8,5,9,10,2,6,7,3) : 1
(4,9,8,1,7,5,6,10,2) : 1
(4,1,7,8,9,2) : 1
(1,7,2,5,8,10,4,3,6,9) : 1
(1,6,5,10) : 12
(4,9,7,3,2) : 1
(7,1,5,6,8,10) : 1
(1,4,5,7) : 2
(2,5,6,10,1,9,7,8,3,4) : 1
(10,4,1,6) : 1
(4,7,9) : 9
(10,4,5,6,1,2,7,8,3,9) : 1
(1,4,5,8,3,6,10,7,2,9) : 2
(4,6,10,5) : 4
(10,1,6,9) : 1
(2,1,4,5) : 1
(10,6,5,1,4,7,9,8,2,3) : 1
(9,10,3,2) : 1
(7,4,1,3) : 1
(10,1,6,8,5,4) : 1
(4,1,2,8,10,6,5,9,7,3) : 1
(1,5,2,6,10) : 1
(1,4,8,3,2,7,9,5,10,6) : 1
(3,1) : 2
(10,9,1) : 1
(5,6,4,10,9,8,7,3,2,1) : 1
(5,6,7,2,1,10,9,8,3,4) : 1
(10,1,6,7) : 2
(10,4,2,5) : 2
(4,2,8,1) : 2
(6,4,5,1,8,2) : 1
(4,10,8,1) : 1
(2,10,5,6) : 2
(10,2,5,6) : 2
(5,6,10,2,9,3,7,8,1,4) : 1
(10,6,5,4,2,1,8,9,3,7) : 1
(4,2,9,10,5,6,7,3,8,1) : 1
(9,2,6) : 3
(10,1,4,7,2,6) : 1
(1,5,6,8,7,4,10) : 1
(10,4,5,6,2,7,9,8,3,1) : 1
(10,6,5,2,7) : 1
(8,10,6,5,4) : 1
(6,1,4,10) : 2
(9,10,3,6) : 1
(4,1,6,5) : 1
(2,4,3,5,1) : 1
(2,7,6) : 2
(4,10,5,6,7) : 1
(5,6,1,8,10,3,7,4,2) : 1
(6,8,1) : 1
(3,7,9,2) : 1
(9,2,7,3) : 1
(9,4,10,6,5,2) : 1
(5,8,2,4) : 2
(10,6,5,1,2,3,4,7,8,9) : 2
(1,7,5) : 2
(3,8,10) : 2
(1,4,5,8) : 2
(4,1,7,2) : 7
(4,2,1,7,3) : 1
(1,7,9,3) : 1
(4,3,5,6,7,1,2,8,9,10) : 1
(1,5,3,9) : 1
(10,4,1,5) : 2
(9,4,2) : 7
(7,4,5,6,10,2,1,8) : 1
(10,5,6,4,2,7) : 1
(4,10,6,5,2,9,7,8,3,1) : 1
(5,10,6,1) : 8
(1,4,7,2,8,9,3,5,6,10) : 1
(5,9,10) : 1
(10,5,6,2,1) : 1
(2) : 86
(4,1,2,7,8,3,5,6,10,9) : 1
(4,5,7,1,8,3,2,9,10) : 1
(8,1,10,6,7) : 1
(10,5,6,3,7,4,2) : 1
(6,5,10,1,8,7,2,3,4,9) : 1
(1,4,5,6,8) : 1
(5,1,4,10,7,6,8,3,2,9) : 1
(1,7,8,10) : 1
(1,8,2,3,4,5,7,9,6,10) : 1
(5,4,2,7,6,10,8,9,3,1) : 1
(10,3,6,1,4) : 1
(2,3) : 2
(5,6,1,10,2,7,8,9,4,3) : 1
(10,6,5,2) : 15
(4,6,5,2) : 3
(3,5,9,10) : 2
(1,10,6) : 5
(4,7,9,2,8) : 1
(4,2,8,3,7,9,10,6,5,1) : 1
(1,2,4,6,10,8,3,9,5) : 1
(5,6,10,8) : 8
(4,1,3,8,9,2) : 1
(8,1,4) : 6
(3,7,1,2) : 1
(10,5,6,4,2,3,7,8,9,1) : 1
(9,4,3,7) : 1
(9,4,5,1) : 1
(1,4,7,8) : 6
(4,7,9,8,3,2,1,5,6,10) : 1
(6,10,7) : 2
(5,6,1,7,10,2,4,8,3,9) : 1
(5,6,9,10,2,1,7,8,3,4) : 1
(5,6,7,10,9,2,8,1,3,4) : 1
(4,1,8,3) : 2
(4,7,5,6,10,8) : 1
(4,8,5) : 3
(1,4,3,7) : 1
(4,6,5,1,7,2,3,8,9,10) : 1
(10,3,5,6) : 2
(10,9,2,6,7,3,4,5,1,8) : 1
(8,6,5,4) : 1
(7,3,2,4,9,1) : 1
(10,8,4,1,6,5,2,3,7,9) : 1
(10,6,5,1,4,9,7,2) : 1
(10,6,5,1,4,2) : 1
(1,8,7,5) : 1
(6,10,5,8,1) : 2
(8,4,3) : 1
(6,10,5,4,3,2,7,9,8,1) : 1
(7,4,2,5,6,10) : 1
(4,6,5,9,2,7,8,1,3,10) : 1
(10,1,6,8) : 2
(6,5,4,7) : 1
(10,9,6,5,2,4,3,7,8,1) : 1
(1,7,10) : 3
(1,7,4,2,8) : 1
(4,7,2,3,1,8,9,10,5,6) : 1
(4,8,1,2,5,6,7) : 1
(4,8) : 33
(4,5,6) : 30
(4,3,7,9) : 1
(1,2,3,7,6,8,5,4,9,10) : 1
(5,6,10,2,4,1,8) : 1
(4,2,7,3,8,1,6,10,5,9) : 1
(4,1,5,6,8,10,2) : 1
(1,9,3,8) : 1
(5,10,8,6) : 1
(4,1,2,6,10,7,8,5,9,3) : 1
(6,10,2) : 2
(1,5,8,6) : 1
(7,4,1,5) : 1
(5,6,2,7,8,10,9,3,1,4) : 1
(5,6,4) : 22
(6,7,2,1) : 1
(10,6,5,7,8,9,4,3,2,1) : 1
(2,3,1,8) : 1
(4,10,5,6,2) : 2
(1,7,2,3) : 1
(9,2,10,5,6,7,4,3,8,1) : 1
(1,6,5,2,3,4,7,9,8,10) : 1
(7,5,2) : 2
(4,3,1,2,8,9,7,5,6,10) : 1
(4,1,2,10,6,5,7,8,9,3) : 1
(10,6,3) : 2
(4,2,10,5,6,7,9,3,8,1) : 1
(10,4,9,6) : 1
(4,7,2,3,1,8,5,6,9,10) : 1
(4,5,6,7,2,1,3,8,10,9) : 1
(4,6,1,8) : 1
(10,7,5,2,8,1) : 1
(7,10,3,6,5) : 1
(10,4,1,5,6,2) : 1
(6,3,10) : 1
(3,5,6,10,9) : 1
(4,1,8,2,7,3,5,6,9,10) : 1
(4,7,1,2,8,3,9) : 1
(1,4,2,9,5) : 1
(3,7,2,8) : 2
(5,10,2,4,3,7) : 1
(6,10,5,9,4,2,8,7,3,1) : 1
(5,4,2) : 5
(4,2,7,8) : 1
(10,6,5,7,2,4,9,3,8,1) : 1
(6,9,5,4,3,2,7,8,10,1) : 1
(4,1,8,5,6,7,10,9,2,3) : 1
(8,4,2,5,6) : 1
(4,10,1,5,6) : 2
(4,5,10,1,2,3,6,7,8,9) : 1
(6,5,10,1,2,3,4,8,7,9) : 1
(7,2) : 23
(6,8,10,5,3,2,9,7) : 1
(2,7,10) : 4
(1,8,4,5,6,7,10) : 1
(5,7,10) : 3
(7,4,3) : 1
(1,4,6,7,2,5,10,9,3,8) : 1
(1,2,8,9) : 1
(6,4,8) : 2
(10,6,1,5) : 3
(4,5,6,10,8,3,2,1,7,9) : 1
(2,9,1,7) : 1
(4,1,6) : 14
(9,6,5) : 2
(6,10,9) : 2
(4,7,8,1,3,2,9,10,6,5) : 1
(1,4,10,5,6,2,3,7,8,9) : 1
(8,4,7,1,2,9,10,3,5,6) : 1
(9,3) : 53
(4,1,10,5,8,2,6,3,7,9) : 1
(4,8,7,2) : 2
(2,4,5) : 11
(7,4,2,9) : 1
(9,4,8,7,10,6,5,3,2,1) : 1
(5,6,10,4,2,1,8,3,7,9) : 1
(1,5,6,8,9,7,4,3,10,2) : 1
(1,6,10,2,4,5,8,9,3,7) : 1
(4,2,9,7) : 3
(4,1,10,5,7,2,6,3,8,9) : 1
(10,1) : 59
(4,10,1,5,6,8,2,9,7,3) : 1
(6,10,8,1,3,5) : 1
(1,4,10,2) : 1
(2,7,4) : 6
(4,8,7,6,5,9,10,2,3,1) : 1
(5,6,10,9,2,8,7,4,3,1) : 1
(4,1,7,8) : 11
(6,5,7) : 4
(2,3,5,6,7,8,10,9,4,1) : 1
(1,10,5,4,2) : 1
(4,1,2,7,8,3,5,9,10,6) : 1
(5,4,1,10,2,3,6,7,8,9) : 1
(5,6,8) : 11
(1,10,6,2,7,4,8,5) : 1
(1,4,10,6,8,5,2,7,9,3) : 1
(6,7) : 4
(4,2,10,5,7,1,3,6,8,9) : 1
(9,7,2,4) : 2
(4,2,3,8,9,10,7,6,5,1) : 1
(4,7,2,9) : 5
(4,1,2,8) : 2
(4,5,10) : 18
(4,5,3) : 2
(7,1,8,2) : 1
(4,5,1,2) : 1
(1,8,10,6,5,7,2) : 1
(2,8,4,9) : 1
(10,2,4) : 3
(4,2,7,10,9,6,5,3,1,8) : 1
(4,6,5,10,1,2) : 1
(6,8) : 1
(4,6,1) : 8
(7,4,1,8,10,6,5,2) : 1
(10,9,7,4,2,1,5,6,8) : 1
(5,6,10,1,2,7,8,3,4,9) : 1
(6,2,7) : 1
(10,5,6,1,2,7,9) : 1
(4,5,10,6,1,2) : 1
(5,6,10,7,4,2,3,1,8,9) : 1
(10,8,6,5,4) : 1
(5,1,2,6,10,7,4,3,8,9) : 1
(6,1,7,10,2,8,5,3,9,4) : 1
(10,6,5,7,2,9,4,3,8,1) : 1
(4,1,6,10) : 3
(4,7,1,8) : 4
(9,3,10,2) : 1
(1,2,4,7,8,3,5,6,10,9) : 1
(1,10,7,6) : 1
(1,10,4,5,6,7,8,9,2,3) : 1
(6,7,2,5,10) : 1
(5,10,1) : 2
(4,6,10) : 15
(10,1,5,4,2,3,7,9) : 1
(5,4,1,2,6,10,8,7,3,9) : 1
(1,7,10,5) : 1
(5,6,10,1,3,7,8,4,9,2) : 1
(5,6,10,2,7,9) : 1
(10,6,5,1,8,3,2,7,4,9) : 1
(6,5,10,9,3) : 1
(10,3,7) : 1
(4,2,1,8,5,6,9,10,3) : 1
(5,6,10,2,9,7,3,1,8,4) : 1
(4,10,1,7) : 1
(2,7) : 29
(1,4,2,7,8) : 2
(10,1,5,6,9) : 1
(3,7,8) : 3
(7,9) : 1
(1,2,5,10,6) : 1
(6,10,5,3,8,1,2,7,9,4) : 1
(5,7) : 6
(2,10,4,5,6) : 1
(4,6,7,5,10,2,1,3,8,9) : 1
(4,9,10,1,7) : 1
(1,4,2,5) : 1
(4,3,10) : 1
(4,2,8,1,3,5,6,10,9) : 1
(9,6,4,5,2,8,10,1,3,7) : 1
(5,6,4,1) : 4
(9,1,4,10) : 1
(4,6,5,1) : 1
(5,6,8,10,4) : 1
(4,1,7,2,8) : 1
(6,1,4,9) : 1
(4,1,3,8) : 2
(5,6,10,3,9) : 1
(4,7,1,2,8,9,3,6,5,10) : 1
(5,6,10,3,1) : 1
(4,1,6,8) : 4
(4,7,2,1,8) : 1
(8,4,6,5,10,2,7,9) : 1
(4,1,10,6) : 3
(10,1,5,7) : 1
(10,1,7,4) : 1
(1,2,5) : 3
(1,7) : 18
(3,9,2) : 7
(4,3,9,1) : 1
(1,5,10,8,7,2,3,6,4,9) : 1
(10,9,3) : 1
(6,10,5,1) : 9
(10,9,8,7,6,5,4,3,2,1) : 1
(5,2,8) : 1
(4,8,2,10) : 1
(1,3,7,9,5) : 1
(9,4,7,10) : 1
(8,1,5,6,10) : 1
(1,7,9,4,2,8,10,6,5) : 1
(1,4,3,7,2,5,6,8,10,9) : 1
(1,7,8,2,3,9,10,6,5,4) : 1
(5,6,10,4,2,3,8,1,9) : 1
(5,4,1) : 11
(10,1,7,6) : 1
(1,4,8) : 44
(2,4,6,10,5,9,7,8,1,3) : 1
(1,4,8,3) : 1
(1,8,6,5,10,7) : 1
(1,8,7,4) : 2
(5,6,10,4,1,8,2,3,7,9) : 1
(4,10,6,5) : 6
(2,1,7,4,9,5,6,8,10) : 1
(10,5,6,8,1,4,2,7) : 1
(10,5,6,1,8,2,7,4,9,3) : 1
(1,8,6,10) : 1
(10,6,5,4,2,9,7,8,3,1) : 1
(10,5) : 54
(1,8,6,5) : 1
(1,4,9,2) : 1
(10,5,2,6,7,1) : 1
(5,3,6) : 1
(10,6,5,8) : 9
(4,10,9,2) : 1
(4,9,3,8) : 1
(10,4,6,7) : 1
(6,5,10,4,8,2,3,9,1,7) : 1
(9,7,1,5) : 1
(10,5,7) : 4
(3,9,1,5) : 1
(5,6,10,7,2,3,8,9,4) : 1
(2,7,4,6,5,10,9,8,1,3) : 1
(7,2,10,1) : 1
(9,3,4,2,7,10,6,5,8,1) : 1
(4,2,6,5) : 1
(4,1,7,2,5,6,3,8,10,9) : 1
(3,4,10,5) : 1
(9,2,1) : 2
(5,6,10,8,4) : 3
(4,5,6,3,2,7,8,9) : 1
(7) : 71
(3,9,5,6,10,2,8) : 1
(6,1,3,5,10) : 1
(9,4,2,3,5,6,7,8,1) : 1
(10,6,4,5,7,8,2,3,9,1) : 1
(4,5,6,7,10,1) : 1
(3,1,8,7) : 1
(3,5,7,2) : 1
(7,3,4) : 1
(1,4,10,8) : 1
(10,7,6,5) : 5
(1,4,6,8) : 6
(10,1,5,6) : 10
(9,6,3) : 1
(4,10,5,6,7,3,2,1,8,9) : 1
(4,7,2,8,3,1,9,5,6,10) : 1
(4,1,8,5,10,6) : 1
(7,2,4,10,5,6,8,1,9,3) : 1
(4,5,1,6,2) : 1
(10,4,1,3) : 1
(1,3,8) : 2
(2,3,10) : 1
(1,7,4,8,9,2,10,5,6,3) : 1
(4,1,5,7,6) : 1
(1,6,10,5) : 1
(10,6,5,9,2,3) : 1
(3,8,1,4) : 1
(4,7,2,1,8,9,5,6,10,3) : 1
(9,3,2,7) : 6
(6,5,10,1,8) : 1
(7,8,4,3,1) : 1
(2,8,10,1,4,6) : 1
(10,6,2,9) : 1
(9,4,7,8) : 1
(4,6,1,2,8,5,3,7,9,10) : 1
(1,8,10,5,6,7,4,3,2,9) : 1
(10,6,5,2,3,4,7,8,9,1) : 1
(1,2,4) : 4
(7,4,2,6) : 2
(7,4,2,1,10,5,6,8,9,3) : 1
(2,7,9) : 7
(1,5,6,10,2,4) : 1
(4,1,7,8,9,3,2,5,6,10) : 2
(1,3,5,6) : 1
(1,7,5,10,2) : 1
(9,10,3,5) : 1
(4,10,9,1,6,2,7) : 1
(1,8,4,6,10,9,7,5,3,2) : 1
(4,10,8,9) : 2
(4,9,7,1,3) : 1
(2,5,9) : 1
(7,10,4) : 1
(4,9,2,10) : 1
(1,3,8,9,4,2,5,6,7,10) : 1
(10,6,5,2,7,1) : 1
(4,2,1) : 11
(6,5,7,10) : 4
(5,6,10,4,8) : 1
(4,1,8,9,2,7,3,10,6,5) : 1
(4,10,6,2,5,3,1,7,8,9) : 2
(4,1,3,2,7,8,5,6,10,9) : 1
(10,5,6,1,7,8,4) : 1
(4,5,6,7) : 3
(7,10,1) : 1
(4,1,8,7,2,5,6,10,3,9) : 1
(4,10,7) : 5
(5,1,7,6,3,2,10,9,8,4) : 1
(4,8,1,3,6) : 1
(1,8,2) : 4
(10,2,6,5) : 4
(4,2,3,7) : 1
(6,8,7,2) : 1
(6,9,2) : 1
(4,10,2,1) : 3
(4,10,5,1) : 1
(2,6,7,9) : 1
(1,4,10,5,3,6,8,2,9,7) : 1
(6,1,10) : 8
(5,7,4) : 1
(10,9,5) : 3
(5,8,10,6) : 1
(6,5,9,2,10,7) : 1
(4,6,1,5) : 1
(1,4,7,8,9) : 1
(1,4,5) : 21
(2,4,6,5,10,1,9,8,7,3) : 1
(4,9,10,2,5,7,6,3,1,8) : 1
(9,1,4,3) : 1
(4,1,8,7,2,10,9,6,5,3) : 1
(4,2,7,9) : 6
(6,7,4,10,5) : 1
(4,2,7,1) : 5
(1,6,5,10,7) : 1
(1,5,6,3,2) : 1
(8,1,4,7,2) : 1
(10,1,4,5,6,2,3,8,7,9) : 1
(10,5,6,9,2) : 2
(4,3,8,9,2,1) : 1
(4,2,5,6) : 1
(7,1,4,3) : 1
(6,5,10,1,2) : 2
(4,7,10,8) : 1
(4,1,10,2,9) : 1
(2,3,4,8,7,1) : 1
(4,2,9,7,3,5,6,8,10,1) : 1
(9,6,5,10,4,2,1,3,7,8) : 1
(4,7,1,2) : 5
(4,5,8,10,3,6) : 1
(2,4,7,9) : 1
(1,5,8,6,4,10,9,2,7,3) : 1
(5,3,9) : 1
(10,5,6,2) : 10
(1,4,9) : 4
(1,5,8,4,2,3,7,6,10,9) : 1
(5,4,1,6) : 2
(5,10,6,4,1,2,7,8,9,3) : 1
(2,4,10) : 5
(3,6,8) : 2
(6,8,10,5,2,4,9,7,3,1) : 1
(2,10,6,5,4,1,8,7,9,3) : 1
(4,2,5,6,10) : 2
(10,6,1) : 10
(1,10,4,5,6) : 1
(8,7) : 7
(1,6,10,4) : 1
(10,1,8,5) : 1
(8,6,5,4,1,3,2,7,10,9) : 1
(8,1,6,5,4) : 1
(6,7,2) : 4
(1,2,8,7,5,6,10,4,9,3) : 1
(10,4,1) : 10
(5,6,10,4,2,7,9,8,3,1) : 1
(6,10) : 45
(4,5,10,6) : 11
(10,2,9) : 1
(4,3,9,2) : 1
(4,7,1,5,6) : 1
(8,10,7) : 1
(6,2,10,5) : 1
(4,5,6,1,10,3,7,8,2,9) : 1
(2,6,4,8,1) : 1
(10,4,1,2,7) : 1
(4,2,1,8,9,7,3,10,5,6) : 1
(1,10,5) : 3
(4,7,9,2) : 2
(10,1,5,6,7) : 1
(5,4,6,1,2,8,10,9,7,3) : 1
(1,10,5,6) : 8
(4,1,7,5,6,10,2,3,8,9) : 1
(7,1,5,10) : 1
(4,7,6) : 2
(6,1,5,4,8,10,2,3,7,9) : 1
(2,10,7,5) : 1
(5,4,8,10) : 1
(10,5,2,6) : 2
(5,4,10,6,2,7,3,8,1,9) : 1
(5,1,4) : 5
(8,1,7,4) : 1
(5,3,1,4) : 1
(7,8,1,2) : 2
(2,5,9,1) : 1
(5,7,2,10) : 2
(8,10,1,2,6,5,7,4,3,9) : 1
(4,9,5,6,10,2,7,8,1,3) : 1
(4,5,6,10,7,9,2,3,8,1) : 1
(4,5,6,10,2,3,7,8,1,9) : 1
(4,1,2,5,6,10,9,7,3,8) : 1
(5,6,10,2,3,4,7,8,9,1) : 2
(1,4,7,9,2,10,8,6) : 1
(4,1,7,8,2,10,9,6,5,3) : 1
(1,4,8,2,7,6) : 1
(10,4,5) : 5
(6,10,5,4,2,7,1,8,3,9) : 1
(5,6,1,9) : 1
(4,9,7) : 4
(2,6,5,10) : 1
(2,1,4,7,3,5,6,8,10,9) : 1
(4,8,2,3,1,5,6,7,9,10) : 1
(5,6,2,1) : 1
(10,4,9) : 2
(1,2,3,4,5,6,7,8,9,10) : 3
(7,1,4) : 4
(2,5,6,10,1) : 1
(5,1,6,10) : 6
(4,6,7,2) : 1
(9,4,7,2) : 1
(10,7,6,4,3) : 1
(1,2,5,10,7) : 1
(9,2,6,5,10) : 1
(5,6,10,7,2) : 1
(4,10,1) : 15
(10,3,1,5,6,9,7,2,4,8) : 1
(4,1,2,3,8,7,5,6,10,9) : 1
(7,1,8,5) : 1
(4,7,2,6) : 1
(6,4,8,2) : 1
(4) : 849
(5,6,10,7,2,4,1,8,3,9) : 1
(4,2,3) : 1
(4,9,10,2) : 1
(9,2,5,7,10,3) : 1
(5,6,4,2,10) : 1
(6,1,10,5) : 1
(5,6,10,1,2,4,7,8,3,9) : 1
(10,6,5,2,7,1,4,8,9,3) : 1
(6,1,7) : 1
(6,1,5,4,10,7) : 1
(1,2,5,4) : 1
(5,4,6,10) : 7
(8,7,9,10,6,5,1,2,3,4) : 1
(1,3,7,8,2,10,5,6,4,9) : 1
(4,2,1,6,10,7,5,8) : 1
(4,9,2,3,1,5,10,6,7,8) : 1
(1,6,5) : 6
(9,2,4) : 4
(1,5,6,8,10,7,2,4,9,3) : 1
(5,9,2) : 2
(4,2,10,6,5,1,7,8) : 1
(10,6,1,4,5) : 1
(9,3,4,8,7,2,1,5,6,10) : 1
(10,4,9,5) : 1
(4,7,2,8,1) : 1
(6,5,4,10,8) : 1
(6,5,10,1,2,4,8) : 1
(4,6,1,2,3,7,8,9,10,5) : 1
(10,5,6,9) : 1
(1,4,7,8,10,2,6,5) : 1
(9,7,4) : 3
(1,4,7,8,10) : 1
(9,3,2,5) : 1
(10,6,4) : 9
(1,8,7,4,10,5) : 2
(10,1,7,8) : 1
(5,6,10,1,4,7,8,2,3,9) : 1
(7,2,8,5) : 1
(10,2,7,1) : 1
(10,5,6,3,9,7,4,8,1,2) : 1
(7,4,5) : 3
(1,4,8,7) : 5
(6,10,5,4,1,2,7,8,3,9) : 1
(6,5,4) : 8
(7,1,4,9,2) : 1
(1,4,7,10,8,5,6) : 1
(4,2,5,6,7,10,9,3,8,1) : 1
(5,4,8,10,1,3,2,6,7,9) : 1
(9,3,8) : 1
(4,6,2) : 3
(8,10,4) : 2
(2,1,5,6,10) : 1
(10,7,5,4) : 1
(1,7,4,10,2,5,6) : 1
(1,5,6,10,4) : 2
(4,6,7) : 1
(1,4,3) : 2
(5,6,10,3,7) : 2
(9,1,8,7,4,2,3,5,10,6) : 1
(4,1,5,6,8,10) : 1
(1,4,5,9) : 1
(4,3,9) : 6
(4,1,2,7,9) : 1
(8,7,1) : 1
(5,6,10,7,1) : 1
(6,5,10,7) : 5
(4,9,2,1,7,8) : 1
(6,10,5,1,4,7) : 1
(8,5,6) : 1
(4,3,9,2,7) : 1
(4,5,6,10,7,2) : 1
(10,6,5,1) : 28
(5,6,1,2,7,10) : 1
(4,6,8,1,2,5,9,3,7,10) : 1
(4,5,10,6,2,1,7,8,9) : 1
(8,2,7,10) : 1
(5) : 305
(6,7,1) : 2
(5,4,6,2,1,10,7,8,3,9) : 1
(6,8,10,2) : 1
(4,5,7,6,2,1,10,8,9,3) : 1
(1,7,10,4,5,6) : 1
(6,5,1,4,10,2) : 1
(8,2,7) : 1
(10,5,6,1,2,8) : 1
(10,4) : 35
(10,4,7,1,2,5,8,6,9) : 1
(4,2,5,6,10,7) : 1
(5,10,6,3,9,7) : 1
(1,6,5,7,8,10,2) : 1
(2,1,5) : 2
(4,9,3,2,5,6,10) : 1
(6,4,2,7) : 3
(1,10,4,8,5,6,7,9,2,3) : 1
(1,10,4,7) : 1
(1,8,2,3) : 1
(5,6,9,10,2) : 1
(1,10,2,5) : 2
(4,9,2,7) : 4
(4,10,1,2,8,7,9,3,5,6) : 1
(1,3,7) : 1
(10,6,5,4,1,2,3,7,8,9) : 2
(6,5,8,10,1) : 1
(1,4,5,10) : 2
(2,9,4,7) : 2
(1,10,7,6,5,4,3,2,9,8) : 2
(2,1,9,3) : 1
(10,5,4,6,2) : 1
(8,4,6) : 1
(6,7,10) : 2
(4,2,7,3) : 1
(6,5,10,1,3,7,8,4,2,9) : 1
(1,7,8,4) : 3
(3,9,1,8,5,6,7,4,2,10) : 1
(5,2,6,7) : 2
(4,10,6,5,9,2,3,1,7,8) : 1
(6,5,10,1,2,7,4,9) : 1
(4,8,2,1,3,7,6,5,9,10) : 1
(6,7,10,1,4) : 1
(5,6,7,8) : 2
(9,6,5,4,10,2) : 1
(10,4,7,2) : 3
(3,7,2,8,9,10,6,4,5,1) : 1
(6,8,2,10) : 1
(1,5,6) : 12
(9,10,2) : 2
(4,9,3,7,1,2,8,5,6,10) : 1
(1,5) : 12
(2,7,1,4) : 3
(4,2,8,10) : 1
(9,10,6,5,3,2,4,7,8,1) : 1
(6,10,1,4) : 1
(1,7,10,5,6) : 1
(1,9,2) : 1
(10,6,5,2,3,4,8,1,7,9) : 1
(8,1,10,6,5) : 1
(5,1,10,4) : 1
(10,5,6,1,2,7,8,3,9,4) : 1
(4,1,3,2,8,7,9,10,6,5) : 1
(4,6) : 28
(4,1,10,8,7,2) : 1
(4,8,9,2) : 1
(2,9,7,3) : 1
(2,4,3) : 2
(5,6,10,9,3) : 1
(10,8) : 4
(4,2,6,5,10) : 1
(2,5) : 6
(5,4,8,2) : 1
(10,5,6,4,2,8,1,3,7,9) : 1
(10,1,5,6,2) : 1
(10,5,6,1,8) : 1
(4,1,2,9,3,5,6,10) : 1
(1,4,5,6,10,8,7,2,3,9) : 1
(7,8) : 4
(6,5,2,7,8,9,10,4,3,1) : 1
(4,5,10,2,1,7,8,9,3,6) : 1
(5,1,10,8) : 1
(5,4,2,10) : 1
(10,1,5,6,7,2) : 1
(6,5) : 64
(2,7,4,8,5,1,3,6,9,10) : 1
(2,5,7) : 3
(1,6,7,10) : 1
(6,8,10,5) : 3
(4,8,10,1,2) : 1
(7,4,1,8,2,5,6,10,3,9) : 1
(1,4,8,7,10,5,6,3,2,9) : 1
(10,1,6,5) : 13
(4,8,10,6,5,1,3,2,7,9) : 1
(10,4,5,8) : 1
(10,5,6,4,8,2,1,7,9,3) : 1
(7,10,5,6) : 3
(1,5,9,10) : 1
(7,9,4,2) : 1
(1,4,5,6,10,7) : 2
(4,1,2,3) : 1
(4,9,7,5,10,6,1) : 1
(10,5,6,1,8,7,9,2,3,4) : 1
(10,6,2,9,7) : 1
(7,10,6,5) : 1
(8,7,10) : 1
(2,3,1,4,7,9) : 1
(10,6,2,5,4) : 1
(6,7,10,1) : 1
(5,9,10,7,3,2,4,6,8,1) : 1
(9,2,6,10,5) : 1
(9,5,10) : 2
(9,6,2,4,7) : 1
(10,1,8) : 3
(4,5,10,2) : 1
(7,9,2) : 1
(4,7,10,2,9) : 1
(8,4,7,1,2,5,3,9,6,10) : 1
(4,7,5,6,10) : 2
(6,10,5,7,2,8,1,3,9,4) : 1
(6,10,9,5,3,2) : 1
(10,6,5,9) : 7
(9,3,5,10,2,6) : 1
(10,1,6,4,5) : 2
(7,1,4,10) : 1
(5,6,10,2,4,8,1,3,7,9) : 1
(7,1,9,4) : 1
(9,4,3) : 5
(2,4,1,7) : 1
(6,5,10,1,7) : 1
(10,6,5,2,9) : 1
(6,5,10,9) : 4
(8,9,7,4,3,2,1,5,6,10) : 1
(5,6,4,10) : 9
(5,6,10,7,2,3) : 1
(4,1,7,8,2) : 1
(7,1,8) : 3
(2,4) : 21
(4,1,7,5) : 2
(10,4,5,6,1) : 2
(10,6) : 50
(10,5,6) : 234
(10,9,3,2) : 1
(6,4,10) : 7
(7,5,6,2) : 1
(4,9,3,2) : 1
(5,6,10,9,3,2,4,1,7,8) : 1
(5,6,4,10,9,8,2,3,7,1) : 1
(2,1,6,5) : 1
(1,9,3,4,5,6,10,7,2,8) : 1
(10,1,3,4,5,6) : 1
(2,4,5,10) : 1
(1,5,8,10) : 1
(4,1,2,10) : 1
(9,7,2,1) : 2
(4,5,8,6,1,10,7) : 1
(10,4,7) : 8
(6,10,5,2) : 5
(10,6,5,2,4,3) : 2
(1,6,10,2,5,7,8,9,4,3) : 1
(4,5,6,10,2,9,8) : 1
(4,5,9) : 2
(10,4,9,6,5,2) : 1
(1,9,4,7) : 1
(1,4,7,10,8,6) : 1
(4,1,10,8) : 1
(9,5,6,10,2,7,1,8,3,4) : 1
(9,2,4,7,3) : 1
(7,5,6,10) : 1
(1,7,3,9,8,6,5,10,4,2) : 1
(6,2,4) : 2
(1,8,2,7) : 2
(9,1) : 8
(5,10,6,2) : 3
(1,5,6,10,3,2,4,7,8,9) : 1
(4,5,6,8) : 1
(10,5,6,4,1) : 1
(7,4,5,8) : 1
(10,8,5) : 2
(4,2,9,3) : 2
(2,4,7,1,9,10,5,6,3,8) : 1
(4,1,6,7,10,2) : 1
(1,7,8,5) : 1
(10,6,5,9,3,4,7,8,1,2) : 1
(1,5,6,10,2,8,7,4,9,3) : 1
(4,6,8,10) : 2
(10,5,6,3,2,8,9,4,1) : 1
(1,4,8,5,6,10,9,2,3,7) : 1
(4,2,9,3,7,10,6,5,1,8) : 1
(5,4,3,2,1,7,6,8,9,10) : 1
(7,6,10) : 1
(7,6) : 1
(7,5,6,10,1,2,8,4,3,9) : 1
(10,1,7,5) : 1
(4,7,2,8,10,5,6,1,9,3) : 1
(10,6,5,2,7,9) : 1
(4,3,7) : 1
(5,6,10,7,4,1,2,8,3,9) : 1
(10,4,2,5,6,1) : 1
(10,2,5,6,4,9) : 1
(1,3,6,5,2,4,8,7,10,9) : 1
(5,8,3,2) : 1
(4,10,2,9,7,5,3,1,6,8) : 1
(10,6,5,8,4,3,7,9,2,1) : 1
(5,4,6,7) : 1
(5,10,1,6) : 1
(9,4,1,3,2) : 1
(4,8,5,2) : 1
(6,5,2,10,9) : 1
(3,2,7) : 2
(1,7,9) : 1
(6,10,1,4,2,5,8,7,3,9) : 1
(4,6,5) : 5
(4,5,10,1,2) : 1
(6,1,5,10) : 2
(1,8,7,3) : 2
(9,4,5) : 2
(4,5,2,1,8,6,10) : 1
(1,6,5,7,8,10) : 1
(4,1,2,9) : 4
(4,1,7,5,2,8,10) : 1
(6,4,1,7) : 1
(4,7,6,10) : 1
(4,9,1,2) : 2
(7,8,1,5,4,10,2) : 1
(10,1,4,2) : 2
(4,8,2) : 6
(1,5,10,3,4,2,7,9,8,6) : 1
(2,4,1) : 5
(5,6,1,7) : 1
(1,5,10,6,4,7) : 1
(6,5,10,4) : 15
(4,9,10) : 5
(4,8,1) : 14
(2,1,5,7) : 1
(5,1,10) : 5
(2,6,9,10) : 1
(4,1,2,10,5,6,8,3,7,9) : 1
(5,6,10,7) : 16
(8,2,10) : 1
(3,5,9) : 1
(5,6,10,9,3,2,7) : 1
(2,9,4) : 1
(3,8) : 4
(4,5,6,10) : 41
(10,3,2) : 1
(5,6,2,10,4,1,3,7,8,9) : 1
(7,2,3,8,4,1,9,10,6,5) : 1
(4,7,8,1) : 2
(6,5,10,2,4) : 1
(3,9,4,5,6,7,8,10,2,1) : 1
(5,1,7,10) : 2
(5,6,2,4,10) : 1
(10,2,5,6,1,4) : 1
(2,5,7,4,1,10,9,3,6,8) : 1
(5,4,3,2,1,6,7,8,9,10) : 1
(10,9,4) : 2
(3,2) : 1
(10,5,6,2,7,8,1,3,4,9) : 1
(4,5,7,6,10) : 1
(5,6,10,2,9,4,3,1,8) : 1
(6,4,5,10,3,2,1,8,9,7) : 1
(1,4,8,5,6,7,2,10,9,3) : 1
(9,8) : 2
(1,2,10,5) : 2
(3,4,7,9) : 1
(6,10,1,5,8) : 1
(10,7,6,5,8,2,3,1,9,4) : 1
(4,1,7,10,8,5,6,2,9,3) : 1
(2,4,1,10,7) : 1
(7,1,5,10,8,6,2,3,4,9) : 1
(10,6,5,2,3,8,7,1) : 1
(5,6,10,1,7) : 2
(2,4,6,10,5,1,3,8,7,9) : 1
(10,6,5,4,3,2,7,8,9,1) : 1
(9,3,4,2,7,1,8,6,5,10) : 1
(8,4,2) : 1
(5,6,8,4) : 1
(1,2,7,8,9,10,6,5,4,3) : 1
(1,5,6,4) : 2
(5,6,10,4,7,3,9,2,1,8) : 1
(6,4,7,5,10,8) : 1
(4,1,8,7) : 8
(9,2,3,7) : 1
(4,10,2,6,5) : 1
(4,10,1,2,3,7,8,9,5,6) : 1
(2,10,8) : 1
(2,4,9) : 4
(2,6,4,1,10) : 1
(1,8,5,7) : 1
(1,4,8,10,7,2) : 1
(7,2,4,8,5,6,10,3,1,9) : 1
(7,8,4,3) : 1
(1,10,8) : 1
(10,1,6,5,8) : 1
(4,1,8,7,2,9) : 1
(6,5,10,2) : 18
(10,4,1,5,6,8,2,7) : 1
(8,3,7) : 1
(4,1,2,7,8) : 2
(4,9,3,2,1,7,8,6,5,10) : 1
(1,10,5,6,4) : 1
(5,6,10,1,2) : 1
(4,1,3) : 3
(9,7,3,2,4,8,1,5,6,10) : 1
(3,7,8,4) : 1
(7,5,4,2) : 1
(10,6,7,2) : 1
(4,7,2,1,8,6,5,9,10,3) : 1
(2,10,6,5) : 1
(4,1,2,3,8) : 1
(4,6,10,2) : 1
(1,5,7,10) : 1
(2,10,7) : 3
(10,1,4,5) : 5
(10,1,5,8,6,7,2,3,4,9) : 1
(4,1,2,7,5,6,10,8,9,3) : 1
(3,5,8,1) : 1
(2,1,7) : 2
(10,3,5) : 2
(4,5,6,10,2,3,7,1,8,9) : 1
(2,9,10,6) : 1
(4,9) : 42
(9,4,2,3,10,7,5,6,1,8) : 1
(6,9,5) : 2
(2,9,3,10,5,6,7,4,1,8) : 1
(5,1,2,7,3,4,6,8,9,10) : 1
(8,4,6,1) : 1
(6,5,2,10) : 4
(1,4,5,6,10) : 4
(5,7,4,10) : 1
(4,9,2,8,6) : 1
(4,9,3) : 4
(4,5,8,1) : 1
(2,1,4) : 9
(1,8,7) : 5
(5,6,2,7) : 4
(10,7,4) : 2
(4,10,1,8,2,3,6,7) : 1
(2,6,10,5,1,7,9,8,4,3) : 1
(6,10,5,3,7,8,1,2,9,4) : 1
(1,3,4) : 1
(3,4,7) : 1
(4,10,8) : 3
(8,1,4,5,6,10,2,3,7,9) : 1
(3,9,4,5,6,7,10,2,8,1) : 1
(1,4,7,6) : 2
(1,8,7,4,2) : 2
(4,10,5,6,1,8,3,2,9,7) : 1
(8,1,4,10) : 1
(8,5,6,10) : 2
(6,4,1,8) : 1
(10,5,6,1,4,7,8,3,2,9) : 1
(1,4,6,7,10,2,8,5) : 1
(4,1,5,6) : 1
(9,6) : 5
(5,6,10,3,2,1,7,8,9,4) : 1
(1,9,8) : 1
(2,10,5,6,4,7) : 1
(4,10) : 37
(6,5,10,7,8) : 1
(8,2,9) : 1
(5,10,8) : 2
(5,9,4,1) : 1
(2,3,9,1,8) : 1
(2,3,9) : 3
(6,5,10,4,7,2,3,8,1,9) : 1
(4,5,7) : 5
(6,5,4,2,7,10,1,3,8,9) : 1
(5,6,10) : 553
(5,4,10) : 13
(4,1,5,10,6) : 1
(10,2,5,7) : 1
(1,8,10,4) : 1
(4,2,6) : 2
(6,2,9) : 1
(4,6,7,8,9,10,3,2,5,1) : 1
(3,9,7) : 8
(4,7,1,3) : 1
(1,4,8,5,6,10,7,9,3,2) : 1
(2,6,4,5) : 1
(6,8,10) : 1
(10,6,5,7,2,8,1,9,3,4) : 1
(9,7,5,3,6,10) : 1
(3,2,5,9,10,7,6,1,4,8) : 1
(7,4,8) : 1
(6,5,2,7) : 1
(2,7,4,5) : 1
(9) : 161
(8,1,4,5) : 1
(9,4,7) : 2
(2,9) : 9
(4,2,9,6,10,5) : 1
(3,7,9,4,2,8,1,5,6,10) : 1
(5,6,10,4,7) : 1
(1,8,2,4,10,5,6) : 1
(2,8,1,6) : 1
(5,6,1,2) : 1
(4,9,3,2,7) : 1
(4,7,2,10) : 3
(4,9,1) : 4
(5,6,10,2,1,4,3,7,8,9) : 1
(4,3,7,1,8,9) : 1
(7,2,4,5) : 1
(4,9,2,8) : 3
(7,1,8,3) : 1
(5,7,8) : 2
(1,3,2,5,6,4,8,7,9,10) : 1
(4,7,5,1,8,2,10) : 1
(9,5,2,6,10,4,8,7,3,1) : 1
(4,9,1,2,7) : 2
(4,1,2,6,5,10,7,8) : 1
(4,7,1,8,2) : 1
(1,6) : 12
(1,3,8,10,9,2,7,6,4,5) : 1
(6,4,7,2) : 1
(5,10,6,9) : 2
(4,10,6,2,5) : 1
(4,10,1,5,7) : 1
(8,3,2) : 1
(5,6,1,4,7,8,9,10,2,3) : 1
(4,7,2,5) : 6
(5,10,9) : 1
(6,10,1,8,4,2) : 1
(10,6,1,4) : 3
(2,6,7) : 1
(3,10) : 3
(3,9,7,2) : 3
(1,6,5,8) : 1
(4,6,1,7) : 1
(9,3,2,4) : 2
(10,6,5,1,2,4,8) : 1
(9,4,8,2) : 1
(4,9,7,2) : 2
(4,6,2,5) : 2
(3,9,1,2,4,7,8,5,6,10) : 2
(4,7,2,10,5,6) : 1
(4,2,10,1) : 1
(5,2,4,6,10,9,8,7,3,1) : 1
(9,4,2,1) : 2
(4,1,9,6,5,2,3,8,10,7) : 1
(4,7,9,5) : 1
(6,10,5,8) : 3
(5,6,10,4,2,1,3,8,9,7) : 1
(8,10,5) : 1
(7,2,5,4) : 1
(10,6,4,5) : 4
(10,6,4,1) : 1
(6,7,5,10,1) : 1
(4,9,2,1,5) : 1
(1,3,9,10,4) : 1
(10,5,2) : 2
(7,1,10) : 4
(10,6,5,4,2,1,9) : 1
(1,9,3,5,2,6,8,7,10,4) : 1
(9,3,2,1,6,10) : 1
(4,10,8,5,6) : 1
(2,1) : 6
(1,3) : 1
(8,10,6,5) : 2
(1,3,4,2,7,9,8,10,5,6) : 1
(10,2,5,8) : 1
(4,8,7,9,2,1,3,6,5,10) : 1
(3,4,1,2,7,8,9,10,6,5) : 1
(1,10,4,5,6,2) : 1
(1,9,10) : 1
(1,8,5) : 3
(4,2,6,7) : 2
(4,1,5,8) : 1
(10,4,5,2,3,7,6,8,9,1) : 1
(6,3,9) : 2
(2,5,9,7) : 1
(1,10,8,7,6,5,2,4,3,9) : 1
(2,5,4,10,7) : 1
(2,4,8,6) : 1
(10,5,4,6,9,8,2,3,7,1) : 1
(7,4,9,3) : 1
(7,3) : 3
(5,10,4,6,2) : 1
(4,7,1,2,3,8,9,10,6,5) : 1
(4,5,1,3) : 1
(5,6,10,7,1,2,4,8,9,3) : 1
(4,3,8,7) : 1
(6,5,8,10,2,1,7,9,4,3) : 1
(10,5,6,2,1,4,8,7,9,3) : 1
(10,1,4,7) : 2
(1,8,9,4,3,2,7,10) : 1
(1,6,8,10) : 3
(10,4,2,1) : 2
(6,10,2,5,7,9,4,3,8,1) : 1
(5,10,6,2,7) : 1
(5,6,2) : 10
(10,1,6) : 9
(8,5,1,6,10) : 1
(1,4,5,6,10,7,2,3,8,9) : 1
(2,6,1,8) : 1
(8,4) : 15
(4,2,7,10,9) : 1
(4,1,2,10,5,6) : 1
(4,1,7,10,5,6,2,9,8,3) : 1
(1,8,7,6) : 2
(10,5,6,4,9) : 1
(2,4,1,6) : 1
(5,10,7,2) : 1
(4,8,10,5,6,1,2,3,7,9) : 1
(4,9,2) : 22
(2,1,4,7) : 1
(1,8,4,10,6,5,2) : 1
(5,10,4,9,6,2,1,7,8) : 1
(4,10,6,1,2,3,5,7,8,9) : 1
(6,5,10,4,1,8,2,3,7,9) : 1
(6,10,2,5) : 2
(3,4,5,6) : 1
(9,10) : 19
(1,8,7,9) : 1
(7,10) : 3
(4,1,6,2,10) : 1
(4,2,1,7) : 3
(10,6,5) : 402
(10,6,5,7) : 9
(1,7,3,4,2,8,9,5,6,10) : 1
(6,5,10,4,2,3,8,9,7,1) : 1
(1,6,4,2,7,10,9,5,8,3) : 1
(4,3,1,9) : 1
(5,2,9) : 2
(4,2,1,7,10) : 1
(7,2,9,5) : 1
(2,10,7,6) : 1
(4,2,10,9,1,3,7,5,6,8) : 1
(2,10,3,5,1,9,6,7,4,8) : 1
(3,9,7,4) : 1
(9,4,2,1,7,8,10,6,5,3) : 1
(6,5,10,2,1,7,8) : 1
(6,5,1,8) : 1
(2,5,1) : 2
(7,2,10,6,1,5,9) : 1
(1,7,8) : 5
(2,7,5,6,10) : 1
(7,3,9) : 2
(7,6,5,4,2) : 1
(4,8,2,5,6) : 1
(10,5,6,4) : 11
(1,7,6,5) : 2
(9,4,6,5,10,7,3,8,2,1) : 1
(10,3) : 4
(10,5,1,6) : 2
(2,4,5,6,10,9,1,7,8) : 1
(7,4,1) : 3
(3,5,6,10) : 3
(2,10) : 5
(4,9,7,2,10,1,3,5) : 1
(7,10,1,4,5) : 1
(5,7,10,2,9,3,4,6,8,1) : 1
(3,4,9) : 2
(3,9,8) : 1
(4,1,7,2,10,5,6,3,8,9) : 1
(1,2,8) : 2
(10,5,8) : 1
(6,2) : 9
(3,4,1) : 1
(4,5,7,8,6,9,10,3,2) : 1
(1,4,5,6,8,10,9,3,2,7) : 1
(9,10,1) : 3
(5,6,10,2) : 17
(4,6,5,10,2,7,8,3,1,9) : 1
(10,6,7) : 5
(4,1,9) : 6
(6,1,4,10,2,3,5,7,9,8) : 1
(4,3,6,1,2,10) : 1
(4,5,6,7,1,10) : 1
(4,8,7) : 9
(1,10,4) : 13
(4,3,1) : 2
(4,7,2,1) : 7
(7,5,1,4,2,6,10,8) : 1
(9,7,4,3) : 1
(10,5,6,1,2,8,4,3,7,9) : 1
(8,5) : 1
(1,4,7,2,3,9,10,8,6,5) : 1
(6,10,5,7,4,2,9,8,3,1) : 1
(4,6,5,2,10,9,8,7,1) : 1
(5,10,6,1,3,2,4,7,8,9) : 1
(9,3,2,7,5,10,8,4,1,6) : 1
(2,8,1) : 1
(5,6,10,2,4,1,8,7,9,3) : 1
(5,6,8,10,1,2,3,7) : 1
(6,5,8,10) : 2
(5,6,4,10,9,2) : 1
(5,6,4,7) : 1
(10,4,7,6,2) : 1
(7,6,2,1,10) : 1
(5,1,4,6,10,2,7,3,8,9) : 1
(4,1,7,8,2,3,9,5,6,10) : 1
(6,5,4,10,2,9) : 1
(5,6,10,4,2) : 2
(5,4,6,7,10,9,2,1,3,8) : 1
(2,7,6,5,10,9,8,3,4,1) : 1
(2,1,7,8) : 1
(10,1,4,6,8,2,3,9,5,7) : 1
(4,7,8,2,1) : 1
(5,6,10,4,1) : 1
(4,9,2,7,1,8,10,5,6,3) : 1
(4,1,2,6,8,10,5,7,3,9) : 1
(5,6,10,1,2,3,8,7,4,9) : 1
(5,10,1,7) : 1
(2,3,7,10) : 1
(1,8,2,4) : 1
(4,3,2) : 2
(6,9) : 3
(10,5,7,6,4) : 1
(7,6,5,2,10) : 1
(1,4,2,7,8,9) : 1
(5,6,2,4,10,7,8,9,3,1) : 1
(4,7,1,9) : 2
(9,10,6) : 1
(4,5,7,1,2) : 1
(6,10,5) : 203
(7,9,3,2,4,6,5,10,8,1) : 1
(1,5,4) : 4
(5,6,10,7,2,9,4,3,8,1) : 1
(9,10,4) : 6
(4,2,7,9,1,10,3,5,6,8) : 1
(3,4) : 3
(10,9,2,5,3) : 1
(1,8,4) : 14
(8,4,2,1,6,10,5,7,9,3) : 1
(9,3,8,7) : 1
(1,4,8,2,6,7,9,3,5,10) : 1
(4,9,3,1) : 1
(4,10,1,5) : 3
(4,5,6,10,2) : 3
(6,5,4,10,1) : 1
(10,5,6,4,2) : 1
(5,3,7) : 1
(1,2,4,5,8,10) : 1
(10,1,4,8) : 1
(9,10,6,5,1,2,7,8,4,3) : 1
(2,7,4,1,10) : 1
(1,8,2,5,6,10,4) : 1
(7,1,9,8,10,6,5,4,3,2) : 1
(2,5,6,10,7,1,3,4,8,9) : 1
(5,4,6,3) : 1
(10,1,7) : 3
(1,10,3) : 1
(1,4,5,6) : 7
(1,5,6,10,7) : 1
(4,5,6,10,8,1,2,3,7,9) : 1
(4,5,7,10,8) : 1
(5,6,1,10,9) : 1
(1,4,10,9,6,2,8) : 1
(7,6,5,10,2,4,9) : 1
(10,5,4,2,7,6,1,8,9,3) : 1
(1,4,7,2,8,9,10,5,3,6) : 2
(9,1,4,5,8) : 1
(4,10,6,7,5) : 1
(4,2,7,1,8,5,6,10,3,9) : 1
(4,3,7,2,8,5,9,10,6,1) : 1
(1,2,4,8) : 1
(7,5,6,2,4) : 1
(4,1,7,2,3,5,8,9,10,6) : 1
(1,4,8,2) : 3
(4,1,8,2) : 3
(4,1,5,10,2,3,6,9,7,8) : 1
(4,5,6,3,10) : 1
(9,4) : 23
(9,3,2,1) : 1
(7,1,8,4) : 1
(7,4) : 9
(10,9,4,6,5,7,8,1,2,3) : 1
(4,8,5,10,3) : 1
(4,9,6) : 2
(4,5,6,1) : 1
(4,5,2,7,10,6) : 1
(4,5,10,7) : 1
(4,1,8,5) : 5
(4,5,6,7,10,9,3,2,8,1) : 1
(5,10,6,7,4) : 1
(10,4,1,8) : 1
(10,1,2,4,5,6) : 1
(5,6,10,1,9,2,3,7,4,8) : 1
(7,6,1) : 1
(9,3,7) : 10
(2,7,3) : 2
(5,4,6) : 7
(6,4,9,1) : 1
(5,1,4,10) : 1
(10,7,4,1,6,5) : 1
(5,6,1,10,8) : 1
(4,1,9,7) : 2
(4,2,9,3,1,7,8,5,6,10) : 1
(1,7,8,10,4,2) : 1
(5,6,10,7,2,1) : 1
(1,4,7,8,9,10,6,5,3,2) : 1
(1,4,5,6,8,10,2,3,7,9) : 1
(9,10,5,6) : 2
(4,5,8,6,3,2,1,7,10,9) : 1
(10,6,2) : 2
(1,5,6,8) : 1
(4,5,2,6) : 1
(6,7,4) : 2
(2,7,3,4) : 1
(4,5,7,10) : 2
(6,4,5,10) : 6
(9,3,2) : 14
(4,2,3,10,5,6,7,9,8,1) : 1
(1,8,2,5,3) : 1
(6,5,1,10) : 5
(4,1,10,5,6,8,7,2,3,9) : 1
(10,4,3) : 1
(5,6,9) : 2
(10,7,6) : 3
(7,5,10,2) : 1
(4,5,10,1,8) : 1
(4,10,5,6,2,1,3,7,8,9) : 1
(10,6,5,2,7,8,4,1,3,9) : 1
(1,9,4,2,5,6,10,3,7,8) : 1
(5,6,10,4,2,9,7,3,1,8) : 1
(4,10,6,2,7,5,9,8,3,1) : 1
(10,3,9) : 4
(8) : 67
(10,6,5,2,7,9,4,3,8,1) : 1
(6,10,5,1,7) : 1
(5,6,10,4,7,8,1,2,3,9) : 1
(5,6,4,2,8,3,1,10,9,7) : 1
(6,5,1,8,2) : 1
(5,10,2,6) : 1
(9,5,6,10) : 1
(6,1,4) : 2
(9,10,2,4) : 1
(3,1,7) : 1
(10,6,5,1,8) : 1
(10,1,3,2,7) : 1
(5,6,10,1,4,3,8,9,2,7) : 1
(4,1,10,7) : 2
(5,6,10,1,4) : 1
(7,4,3,8,1,2,9,10,6,5) : 1
(5,10,4,6) : 4
(6,8,1,10) : 1
(3,5,6,2) : 1
(1,8,4,3) : 1
(5,6,7,10) : 11
(10,9,5,6,2,3,7,8,1,4) : 1
(4,1,8,6) : 1
(4,5,10,6,1,7,2,8,9,3) : 1
(6,1,10,4) : 1
(9,1,3) : 3
(4,1,8,6,5,10) : 1
(6,4,10,5) : 2
(7,6,5) : 2
(10,9,5,6,1) : 1
(2,7,6,10) : 2
(8,5,10,6) : 3
(2,1,10) : 1
(3,6,9) : 2
(2,5,6,9) : 1
(5,10,6,4) : 5
(5,6,10,4,2,7,3,9,8,1) : 1
(10,6,2,8) : 1
(1,4,5,8,3,9,7,6,10,2) : 1
(2,4,7) : 16
(9,3,1) : 4
(6,10,7,5) : 1
(2,7,8) : 5
(9,4,8,2,1,7) : 1
(1,5,4,7,10,6) : 1
(4,2,5,7) : 1
(1,7,9,10) : 1
(5,1,8) : 5
(2,1,7,5) : 1
(5,4,2,6,10) : 1
(1,10) : 22
(6,5,10,4,2,1,8,9,7,3) : 1
(6,10,5,4) : 5
(4,9,7,2,10,6,5,3,8,1) : 1
(5,6,1,10) : 6
(4,7,9,2,3) : 1
(2,7,10,8) : 1
(4,2,1,8) : 4
(10,9,6,7,5,8,3,2,4,1) : 1
(1,8,9) : 1
(5,10,8,6,4,3,2,7,9,1) : 1
(5,6,10,4,7,9,8) : 1
(4,1,6,10,5,8,3,2,9,7) : 1
(1,5,6,7,2,3,8,4,9,10) : 1
(6,3) : 2
(4,8,1,7,2,5,6,10,9,3) : 1
(4,8,5,6,10) : 1
(9,3,1,4,8) : 1
(8,1,3) : 2
(10,5,1) : 12
(7,5,6,10,9,2) : 1
(8,1,5) : 3
(1,6,5,10,7,8,4,3,2,9) : 1
(6,10,5,2,7) : 2
(1,8,3,9,4,7,2,5,6,10) : 1
(5,6,10,4,7,8,9,3,2,1) : 2
(5,7,2) : 4
(1,7,6) : 3
(2,8,9,4,5,6,7,10,3,1) : 1
(10,5,4,1) : 2
(6,5,10,1,3,4,7,2,8,9) : 1
(2,7,4,1,5,3,6,8,9,10) : 1
(4,2,5,10) : 1
(1,9,6) : 1
(1,3,2,5,4,7,6,9,8,10) : 1
(4,8,1,2,9,10,5,6,7,3) : 1
(1,8,2,4,10,6,5) : 1
(1,6,5,10,8) : 1
(9,10,7,4) : 1
(5,6,2,10) : 6
(1,6,5,10,4,7,9,2,3,8) : 1
(9,7,3,8,10,5,6,4,1,2) : 1
(3,5,6) : 1
(5,6,10,2,9) : 2
(1,8,9,4,3,2,5,6,7,10) : 1
(10,2,5,6,7,4,3,9,8,1) : 1
(9,1,4) : 1
(4,5,2) : 13
(1,7,9,3,2,5,6,10,8,4) : 1
(4,1,7,2,3,8,9,5,6,10) : 1
(1,5,4,2,6,7,10,9,8,3) : 1
(4,9,6,7) : 1
(4,1,8,10) : 5
(10,9,6,7,5,3,2,1,8) : 1
(9,8,4,1) : 1
(6,4,2) : 1
(1,2,3) : 1
(7,4,1,10) : 1
(6) : 265
(5,2,6,10) : 3
(1,8,7,5,2,6,10,3,4,9) : 1
(9,2,3,6) : 1
(6,7,10,5,4) : 1
(9,4,7,8,10) : 1
(4,10,5,3,6,2,1) : 1
(9,2,3) : 3
(6,10,9,7) : 1
(1,10,2) : 3
(5,4,6,2,1,3,8,10,7,9) : 1
(5,1,6,7,10,4,2,8) : 1
(10,6,5,4,7,1) : 1
(2,5,6,9,3,4,8,10,1,7) : 1
(9,7) : 12
(4,7,2,6,10,5,3,8,9,1) : 1
(6,5,10,1,7,2) : 1
(4,2,9,10) : 2
(6,5,10,4,2,7) : 1
(6,2,4,10) : 1
(4,2) : 59
(4,1,2,7) : 9
(4,3,2,8) : 1
(2,4,6) : 5
(4,7,1,8,2,9,6,5,3,10) : 1
(3,10,9) : 2
(1,4,6) : 16
(3,9,7,2,1) : 1
(5,6,1) : 23
(4,9,2,7,3,1,8,5,6,10) : 1
(1) : 224
(3,9,10,5,6) : 1
(4,2,7,8,9,10,6,5,3,1) : 1
(4,9,1,7,8,10,6,5,2) : 1
(4,3,2,1,8,9,7,10,6,5) : 1
(4,7) : 78
(5,6,10,4,2,7) : 1
(10,5,6,4,2,7,1,8,3,9) : 1
(4,1,10,8,7) : 1
(2,7,8,4) : 1
(1,6,5,8,10) : 1
(10,2,8) : 1
(10,2,4,6,5) : 1
(9,2) : 27
(9,3,4,2,8,7,6,5,1,10) : 1
(4,5,6,10,7) : 2
(5,4,2,6,8) : 1
(2,1,8,7) : 1
(5,6,7,8,10,1) : 1
(1,6,7,10,2,4) : 1
(4,1,3,8,9) : 1
(4,5,6,10,2,9,7) : 1
(4,3,5,2,9,8,10,7,6,1) : 1
(8,4,7,2,9,3,10,6,5,1) : 1
(4,5,8) : 8
(4,1,10,7,6) : 1
(4,1,7,3,8) : 1
(8,10,5,6,7) : 2
(1,5,10,6) : 5
(10,7,1) : 2
(9,2,10,6,5,3,7) : 1
(5,6,4,3,1,2,10,8,7,9) : 1
(2,3,4,7,9,8,10,6,5,1) : 1
(10,6,4,5,2) : 1
(4,10,7,6) : 1
(7,1,4,2,8) : 2
(1,4,10) : 15
(4,1,10,5) : 1
(1,8,5,10) : 3
(4,1,7,10) : 1
(4,7,10,2) : 1
(9,5,6) : 1
(1,4,8,7,5,6,10,2,3,9) : 2
(6,4,2,1) : 1
(9,5,3,1,2,6,4,7,8,10) : 1
(4,1,9,3,7) : 1
(1,6,8) : 1
(10) : 443
(7,4,10) : 2
(5,6,10,3,7,9,8,2,1,4) : 1
(4,1,8,10,6,5,2,9,3,7) : 1
(4,7,5,6,2,3,10,1,8,9) : 1
(2,5,7,10,4,6) : 1
(9,1,10) : 1
(2,7,1,8) : 4
(4,1,2,5,6,10) : 1
(3,5,4) : 1
(1,8,7,4,6) : 1
(4,5,10,3) : 1
(4,8,10,6,5,7,3,2,1,9) : 1
(4,6,2,10) : 1
(6,5,10,4,2,7,1,3,8,9) : 1
(2,5,10,6) : 3
(10,3,5,6,2,9) : 1
(8,4,10) : 4
(1,4,10,6,5) : 1
(2,5,6,10) : 9
(10,5,6,2,1,8,4,3,9,7) : 1
(1,7,8,4,10,9,6,5,2,3) : 1
(5,4,10,3) : 1
(10,1,5,6,8,9,2,3,4,7) : 1
(4,5,6,8,10) : 1
(1,5,10,2) : 1
(10,2) : 12
(6,10,1) : 8
(6,8,5) : 1
(4,6,10,5,2,7,8,9,1,3) : 1
(2,4,8) : 1
(5,1,2,4) : 1
(1,2,3,5) : 1
(9,7,2,10) : 1
(4,2,7,8,1,9,10,6,5,3) : 1
(7,4,5,6,1) : 1
(7,2,9) : 2
(10,1,3,2,9,4,5,8,7,6) : 1
(2,4,7,1) : 2
(2,9,1,5,6,10) : 1
(10,5,2,4,7,9,8,1,3) : 1
(2,6,10) : 3
(7,2,5,8,10,6,4,1,9,3) : 1
(6,5,10,4,1,2,8,7,3,9) : 1
(6,4,1) : 3
(9,10,5) : 2
(5,9) : 4
(6,3,5,10) : 1
(3,6,5,10,2,4,1,7,9,8) : 1
(10,6,4,2,7) : 1
(6,5,10,7,2,4,8,9,3,1) : 1
(7,3,2,5,6,8,9,4,1,10) : 1
(8,10,5,6) : 1
(5,10,7,3) : 1
(6,10,4) : 5
(5,6,2,4,7,8,3,9,1,10) : 1
(5,4,3,2) : 2
(6,1,8) : 1
(6,5,10,2,3,9,7,1) : 1
(4,8,7,2,3,1,9,10,6,5) : 1
(6,5,3) : 1
(4,7,8,10,2,6,5,1,3,9) : 1
(10,2,7,6,5) : 1
(3,9) : 50
(1,8,4,7) : 2
(4,1,5,6,7,8,10,3,2,9) : 1
(7,2,8,10) : 1
(6,9,3) : 1
(1,2) : 14
(4,5,6,10,8,7,2) : 1
(10,2,3,5) : 1
(4,5,6,7,10) : 1
(8,6,4,5) : 1
(4,7,6,10,5,8,2,9,3,1) : 1
(1,4,8,10,2,5) : 1
(2,6,7,4) : 1
(3,7,9) : 3
(3,6,9,2) : 1
(5,6,1,4,10) : 1
(2,4,5,9) : 2
(5,2,7) : 4
(4,8,1,3) : 2
(8,4,1,2) : 2
(10,5,6,2,4) : 1
(10,8,4,1) : 1
(5,10,6,9,4,8,2,3,7,1) : 1
(1,3,2,5,6,4,7,8,9,10) : 1
(5,4,10,6) : 4
(10,4,7,8) : 1
(4,5,1,2,6,3,7,9,8,10) : 1
(2,3,9,7) : 2
(4,7,10,2,1) : 1
(6,10,5,1,8,4,2,9,7,3) : 1
(2,4,3,8) : 2
(4,10,5,6) : 9
(4,1,7,8,10,2,5,6,9,3) : 1
(10,5,9,2) : 1
(4,10,9,7,2) : 1
(6,5,10,1,7,4,2,8) : 1
(9,7,3) : 6
(10,5,6,2,9,4,3,7,1,8) : 1
(8,1,7) : 3
(2,4,7,3) : 1
(4,2,8) : 6
(1,5,8) : 4
(1,4,6,9) : 1
(7,8,9,1) : 1
(1,4,2,3) : 1
(2,5,6) : 1
(6,2,1,5) : 1
(6,5,10,2,7,9,8,1,3,4) : 1
(1,10,5,6,3,8,2,7,9,4) : 1
(6,4,5) : 2
(10,8,6,5) : 2
(1,4,2,8,3,7,9,5,6,10) : 1
(4,8,10,7,9) : 1
(4,2,7,9,3,1) : 1
(3,6) : 1
(1,6,9) : 1
(10,6,5,3) : 6
(4,8,1,5) : 2
(6,1,5,10,9,7,8,2,3,4) : 1
(10,4,5,7) : 1
(10,6,5,8,1) : 1
(5,6,7,1) : 1
(10,7,2,8) : 1
(5,6,10,9) : 6
(10,2,7) : 4
(7,2,10,6,5) : 1
(5,6,10,2,7) : 3
(1,5,10) : 13
(9,7,4,3,2) : 2
(10,6,5,4,3,8,7,2,1,9) : 1
(10,5,6,1,3,7,8,9,4,2) : 1
(10,6,5,1,7) : 2
(1,7,5,6,10) : 1
(10,6,5,9,3,2,7,1,8,4) : 1
(4,2,1,8,9,10,6,5,3,7) : 1
(2,5,7,10) : 2
(7,2,9,3) : 1
(6,5,10,2,4,7,1,3,9,8) : 1
(10,7,9,6,2) : 1
(8,1) : 9
(5,6,4,2) : 3
(4,5,1,6,7,8,10,9,3,2) : 1
(9,7,2,3) : 4
(2,8,6,5,7,10) : 1
(4,1) : 138
(1,2,4,7) : 4
(8,5,10) : 3
(1,2,4,6,3,7,8,9,5,10) : 1
(9,1,8) : 2
(4,7,1,8,2,6,9,10,5,3) : 1
(8,2,4) : 2
(4,1,2,3,7,8,5,6,9,10) : 1
(5,8,10) : 3
(3,9,7,2,4) : 1
(10,4,2,7) : 1
(6,1,7,4) : 1
(1,6,5,10,2,7,8,4,3,9) : 1
(5,4,1,10,6) : 1
(4,8,2,3,1,7,9,5,6,10) : 1
(5,3,8) : 1
(3,9,1,8) : 1
(1,3,5,7) : 1
(5,6,2,4) : 1
(9,4,6) : 2
(4,2,6,1,7,9) : 1
(1,3,2,4,7,8,5,6,10,9) : 1
(10,6,5,4,2,3,7,8,9,1) : 1
(4,1,6,10,5) : 1
(6,5,10,3,2) : 1
(4,1,8,10,5,6,2,7,9,3) : 1
(1,4,5,6,8,10,9) : 1
(4,1,10,6,5,8) : 1
(10,7,4,6) : 1
(6,1,5,2) : 1
(2,1,6,9) : 1
(4,1,5,9) : 2
(6,2,1,7,10,5) : 1
(6,5,10,1,7,8) : 1
(6,5,8) : 4
(10,4,2) : 6
(1,5,6,10,2,8,3,4,7,9) : 1
(2,4,10,6) : 2
(4,10,5) : 9
(5,10,6) : 111
(10,4,1,8,6,5,2,3,7,9) : 1
(6,10,5,7,2) : 2
(6,1,5,4,10) : 2
(6,2,4,7) : 1
(1,4,2,7) : 6
(10,6,5,4,2,8,1,7,3,9) : 1
(1,4,3,2,7,9,8,5) : 1
(5,6,1,4) : 1
(7,2,9,10,5,6,3,8,1,4) : 1
(1,8,4,5,6,10,2,3,7,9) : 1
(4,2,7,5,9,1) : 1
(4,3,8,9) : 1
(4,7,1,2,9) : 1
(4,1,2,9,7,5,6,10,8,3) : 1
(10,6,5,1,2,4,8,9,7,3) : 1
(5,10,7) : 5
(4,2,10) : 9
(5,4,1,9) : 1
(4,2,10,9) : 1
(4,9,2,3,7) : 1
(10,5,6,7) : 11
(5,6,10,8,2,7) : 1
(1,4,2,5,6,8,10,9,7,3) : 1
(4,1,2,7,8,9,3,5,6,10) : 1
(7,6,5,10,8,1) : 1
(2,6,10,7,4) : 1
(5,4,1,7) : 1
(4,1,5) : 11
(9,2,10,7) : 1
(4,2,9,10,6) : 1
(6,10,5,1,4) : 1
(6,2,7,1) : 1
(2,5,4,10,7,9,6,3,1,8) : 1
(4,5,2,6,10,1,7) : 1
(10,9,7,2) : 1
(4,1,2,6,5,7,10,9) : 1
(2,4,10,7) : 1
(5,10) : 34
(6,5,4,10,2) : 1
(3,7,9,4,10,8,5,6,2,1) : 1
(2,7,4,1,8,5,6,10) : 1
(4,10,1,2) : 2
(1,4,2,5,6,10,7) : 2
(10,6,5,4,1,2) : 2
(1,4,6,7,10,8) : 1
(1,7,3) : 1
(9,3,7,2) : 3
(10,7,4,2,6,5) : 1
(4,1,8) : 38
(10,5,6,7,2,4,8,1,3,9) : 1
(5,2) : 11
(4,5,6,10,2,3,7,8,9,1) : 1
(4,8,1,10,6,5,7,3,2,9) : 1
(4,1,2,6,3) : 1
(3,8,9) : 1
(4,2,1,8,7) : 1
(1,5,10,6,3,8,7,2,4,9) : 1
(6,7,9) : 1
(9,3,4,2) : 1
(10,5,6,1,8,7,2,9,4,3) : 1
(4,5,6,10,9) : 2
(2,7,8,10) : 1
(5,3) : 1
(2,1,9,7,4) : 1
(10,2,5,9) : 1
(10,2,5,6,4,3,7,9,8,1) : 1
(6,1,2,4,10,9,8,7,5,3) : 1
(10,1,4,7,2) : 1
(3,9,1,2) : 1
(8,10,9,6,5,4,2,1,7,3) : 1
(5,3,8,9) : 1
(7,1,3,2,6,10,9,8,5,4) : 1
(2,8,1,4) : 1
(10,9,6) : 1
(9,2,7) : 6
(8,9) : 1
(4,1,5,6,7) : 1
(1,7,4,10,8,2) : 1
(1,6,10,5,3,2,7,9,8,4) : 1
(4,7,8,6) : 1
(6,10,5,3,7) : 1
(5,6,10,4,2,9,8,7,3,1) : 1
(1,4,8,6) : 3
(4,8,5,6) : 2
(1,4) : 86
(10,1,5) : 6
(4,1,7,8,2,9,5,6,10,3) : 1
(8,1,7,5,6) : 1
(8,6) : 1
(4,2,6,9) : 1
(4,8,10) : 3
(10,9,3,7) : 3
(8,2,4,1) : 1
(5,6,7) : 12
(10,6,9,3,4) : 1
(5,8,1) : 1
(5,1,6,10,4,2,7,3) : 1
(1,3,8,4) : 1
(5,6,4,10,7) : 1
(5,4,1,6,8,10,2,3,7,9) : 2
(1,2,9) : 5
(8,10,1) : 2
(1,2,10) : 1
(5,2,6) : 2
(6,5,4,1,9,10) : 1
(4,6,5,10,8,2,1,3,7,9) : 1
(5,10,6,1,4) : 2
(1,5,4,8) : 1
(7,4,10,6) : 1
(4,8,2,5) : 1
(6,5,10,4,7,2,9,8,1,3) : 1
(4,9,2,7,3) : 1
(7,8,2,1,9,10,3,4,5,6) : 1
(5,4,2,6) : 1
(2,9,8) : 1
(3,1,4,7,9,2,8,5,6,10) : 1
(1,8,4,10) : 1
(3,5,7,4,2,6,9,8,10,1) : 1
(4,1,2,3,5,6,7,8,9,10) : 1
(4,5,6,7,2,9) : 1
(5,4,3,6,7,8,9) : 1
(9,10,1,2,3,4,5,6,7,8) : 1
(1,5,4,10) : 1
(1,10,6,7,5) : 1
(7,1,6,10) : 1
(2,1,9,8) : 1
(6,4,2,10) : 1
(1,6,4,5,10,7,2,9,3,8) : 1
(1,4,10,3) : 2
(5,6,10,1,8) : 1
(10,6,5,9,1,3,4,2,8,7) : 1
(6,5,10) : 283
(10,2,3) : 1
(5,2,6,7,1,3,10,8) : 1
(4,7,10) : 6
(7,10,5) : 2
(4,2,7) : 29
(10,9,6,5,7,8) : 1
(4,1,10,5,3) : 1
(6,5,1,2,4,3,7,9,10,8) : 1
(2,5,10,7,6) : 1
(8,7,10,2,4,5,6,9,3,1) : 1
(6,5,4,1) : 3
(2,7,5,4) : 1
(7,6,5,2,10,1,8,3,4,9) : 1
(2,5,10,4,1,7,8,3,9) : 1
(5,10,6,8) : 1
(10,2,5) : 1
(4,5,6,10,1) : 1
(5,6,10,1,2,8,4,7,3,9) : 1
(7,4,8,2,6) : 1
(8,1,4,2,5,10,6,7,3,9) : 1
(9,8,3,7) : 1
(4,10,6,2,1) : 1
(4,5,6,10,1,7,2,3,8,9) : 1
(1,3,9) : 2
(4,5,2,1) : 1
(9,7,10) : 1
(4,3,2,9) : 2
(1,7,4,2,8,5,10,9,3,6) : 1
(1,2,3,6,5,7,4,8,9,10) : 1
(5,10,6,1,9) : 1
(1,4,3,7,8,6,5,2,9,10) : 1
(3,9,2,7) : 3
(7,2,1,4) : 3
(7,5) : 1
(1,4,8,2,7,10,6,5,9,3) : 1
(1,2,8,7) : 2
(4,3,2,7,9,1,5,6,8,10) : 1
(1,10,7) : 2
(10,6,5,3,9) : 1
(2,10,7,6,5) : 1
(4,1,8,2,3) : 1
(4,10,2,7) : 1
(2,7,1) : 5
(10,2,9,1) : 1
(2,9,10) : 1
(1,8,5,6) : 5
(10,6,5,4,1,2,3,7) : 1
(1,8,3,2) : 1
(1,10,5,6,4,3,2,8,7,9) : 1
(5,10,2) : 4
(3,5,6,9,10) : 2
(4,10,8,2) : 1
(10,5,6,2,4,7,1,8,9,3) : 1
(9,6,5,10) : 2
(6,4,9,2,5) : 1
(1,5,7,8) : 1
(1,4,5,8,10) : 1
(1,9,10,6,8,2,5,4,3) : 1
(5,4,6,8,2,3,7,10,9,1) : 1
(3,9,4) : 2
(1,4,6,5,10) : 1
(10,6,2,9,5,3,4,7,8,1) : 1
(1,2,4,10) : 1
(10,6,5,4,1) : 4
(10,4,7,1) : 2
(6,5,1,2) : 1
(10,6,5,9,4,7,2,3,8,1) : 1
(10,4,6,5,8,1,2,3,7,9) : 1
(5,4,6,2,10) : 1
(10,1,8,6) : 1
(8,1,4,7,9,10,6,5,2,3) : 1
(10,5,6,9,3) : 1
(10,6,5,9,2,4,7) : 1
(4,5,8,2) : 1
(4,5,6,10,2,1,8,7,9) : 1
(1,4,7,10) : 1
(9,3,4) : 5
(4,3,2,1) : 1
(2,10,9,4) : 1
(5,1,2) : 4
(5,7,10,4) : 1
(1,4,6,10) : 1
(1,4,6,7) : 2
(10,8,5,4) : 1
(8,4,1,7) : 1
(10,9,7) : 1
(2,5,6,7,10) : 2
(10,5,9) : 3
(10,9,7,8,1,3,5,6) : 1
(1,8,9,3) : 1
(7,1,2,5) : 1
(7,1,4,8,3) : 1
(4,8,9,6) : 1
(9,4,5,6,3,2,7,8,10,1) : 1
(7,10,2,5) : 1
(1,4,6,5,10,9,7,2,8,3) : 1
(6,5,10,1,2,7) : 1
(4,10,1,3,2,8,7) : 1
(10,7,4,2,1,3,5,6,8,9) : 1
(1,8,10) : 8
(7,6,5,10) : 2
(4,2,9) : 13
(4,8,1,7) : 7
(10,6,4,2) : 6
(1,7,5,10,2,4,3,6,8,9) : 1
(10,2,1,4) : 1
(1,4,2,7,9,3,8,10,5,6) : 1
(6,2,5) : 1
(5,10,3) : 1
(10,4,5,6) : 5
(9,3,7,2,10) : 1
(4,1,2,3,7) : 1
(4,9,10,6) : 1
(1,4,8,2,7,5,6,10,3,9) : 1
(2,6) : 2
(10,7,9) : 1
(10,5,6,7,2,3,9) : 1
(9,3,2,7,1) : 1
(5,10,6,4,8,7,3,2,1) : 1
(5,10,4) : 3
(7,5,2,9,10,6,3,8,1,4) : 1
(10,5,1,4) : 1
(6,1,7,4,5) : 1
(6,1,8,10,4,2,3,7,5,9) : 1
(1,2,7,4) : 1
(1,5,6,10,2) : 1
(7,2,6) : 1
(5,10,4,2,3,6,7,8,9,1) : 1
(4,9,2,1,3,7,5) : 1
(8,7,1,10,9,3,2,5,6,4) : 1
(4,6,5,7,10,2) : 1
(10,1,4,7,8,5,6) : 1
(6,1,2) : 1
(5,6,10,7,9,2,4,3,8,1) : 1
(8,10,4,3) : 1
(5,10,6,4,2) : 1
(4,8,1,2) : 1
(6,8,3) : 1
(9,4,10) : 2
(6,10,8) : 2
(4,2,7,9,5,6,10) : 1
(8,10,2,1) : 1
(10,5,4) : 11
(6,1,2,4) : 1
(4,1,7,8,10,2,6,5,3,9) : 1
(7,5,4) : 1
(5,6,10,1,7,2,4) : 1
(1,6,4) : 2
(2,4,9,5) : 1
(4,1,2,9,7,3,5,6,8,10) : 1
(1,6,5,10,2) : 1
(4,6,10,1) : 1
(1,3,5,6,10) : 1
(1,10,6,8) : 1
(10,2,6,5,4) : 1
(10,4,6,5) : 6
(6,7,1,8) : 1
(8,10,4,6,5,3) : 1
(4,5,9,2) : 1
(6,10,5,2,9,1,3,8,7,4) : 1
(10,5,6,4,2,8,7,9,1) : 1
(6,10,5,1,8) : 1
(4,10,9) : 2
(6,3,9,10) : 1
(5,6,4,10,1) : 1
(5,10,6,7) : 1
(2,5,4,6) : 2
(1,4,10,7) : 2
(10,5,6,7,2,4,3,9,8,1) : 1
(6,7,8,2,5,10,4,3,1,9) : 1
(4,1,10,5,6,2) : 1
(4,7,2,3,1,6,8,5,9,10) : 1
(7,10,8) : 1
(1,6,5,10,9,8,7,3,2,4) : 1
(4,5,3,10) : 1
(1,5,7,8,2) : 1
(7,2,4) : 7
(1,9,3,6) : 1
(4,1,10,2,5) : 1
(1,8,10,6) : 1
(4,10,5,6,8,1,2,3,7,9) : 1
(10,6,5,2,4) : 2
(10,5,6,1,8,4,3,7) : 1
(4,1,2,5,7,9,3,6) : 1
(4,7,2,9,10,5,8,6,3,1) : 1
(1,6,8,4) : 1
(1,4,3,6,7,8,9,10,2,5) : 1
(6,5,2,1) : 1
(3,2,4) : 2
(7,5,10,1,3,4,8,9,2) : 1
(5,6,4,3,2,1,7,9,8,10) : 1
(4,2,7,5,6,10) : 1
(1,4,6,5,10,8,2,7,9,3) : 1
(4,2,6,10) : 2
(9,3,2,8) : 1
(3,1,9) : 1
(10,6,5,4) : 21
(5,10,4,1) : 1
(5,6,10,4,1,9,7,8,3,2) : 1
(7,2,10,5,6) : 1
(4,9,5) : 2
(7,8,10) : 1
(4,5,10,9,7,6,3,1,8,2) : 1
(4,7,8,1,3,2,5,9,6,10) : 1
(8,10,5,3) : 1
(4,6,10,1,2,3,8,7,9) : 1
(9,2,4,1,10,5,6,7,8,3) : 1
(1,4,5,6,10,8,7,9,3,2) : 1
(10,8,9,6,7,4,5,2,3,1) : 1
(7,4,2) : 9
(2,9,4,3) : 1
(1,3,4,5,6,8,10,7,9,2) : 1
(9,3,7,2,4) : 1
(5,8) : 6
(10,8,2,5,6) : 1
(1,8,4,3,10) : 1
(1,4,8,7,10) : 1
(6,1,5) : 1
(5,6,10,2,1) : 1
(8,4,2,5,6,10) : 1
(4,5,10,2,6,7,1,8,9,3) : 1
(4,5,6,2) : 1
(2,8,1,7) : 1
(4,5,6,7,10,2,1,8,9,3) : 1
(6,8,10,4,2,7,5,3,9,1) : 1
(9,7,4,5) : 1
(1,4,6,5,10,2,3,9,8,7) : 1
(2,3,4) : 1
(4,2,9,5) : 1
(5,1,7,9) : 1
(10,6,7,4) : 1
(5,6,4,8,10) : 1
(3,9,2,7,10,5,6,1,8,4) : 1
(1,4,5,2,7,10) : 1
(5,6,10,4) : 32
(4,7,9,10) : 1
(1,10,4,2) : 1
(5,10,4,1,2,8,6,7,3,9) : 1
(6,2,7,10,5,1,8,9,4) : 1
(8,6,10,5) : 1
(5,6,10,2,7,8,9,1,3,4) : 1
(10,6,5,7,4,3,8) : 1
(9,2,10) : 2
(6,2,10) : 2
(7,4,8,6) : 1
(6,5,10,1,8,7,2,4,3,9) : 1
(6,9,10) : 1
(2,9,7,6) : 1
(4,7,3,10) : 1
(9,4,2,3) : 1
(1,4,2,10) : 1
(5,6,10,7,1,8) : 1
(4,9,2,1) : 2
(1,4,2,9) : 1
(4,7,8,9) : 1
(10,5,3) : 1
(10,4,6) : 5
(4,5,6,7,1) : 1
(3,9,4,5) : 1
(6,2,1) : 1
(5,1,4,6,10) : 1
(1,5,4,10,6,7,9,8,2,3) : 1
(5,3,2) : 1
(4,1,9,10,2,3,5,7,6,8) : 1
(10,9,6,7,2) : 1
(10,7,5) : 1
(1,5,6,10) : 29
(4,8,10,2) : 1
(1,4,2,7,5,6,10,8,9,3) : 1
(10,4,9,1,5) : 1
(1,4,7,2,5,6,3,8,9,10) : 1
(2,10,7,9,5,4) : 1
(5,4,10,6,2) : 1
(4,1,7,8,10,9,6,5,3,2) : 1
(6,9,7,2) : 1
(4,5,6,8,10,9,3,7) : 1
(4,3) : 10
(7,10,6) : 1
(4,8,2,1) : 3
(4,3,9,7) : 1
(2,6,9) : 1
(4,6,9,2) : 1
(1,5,8,6,10,2) : 1
(8,4,1,7,2) : 1
(4,9,7,2,5,6,10,1,8) : 1
(6,10,5,2,4,3,1,7,8,9) : 1
(1,3,5) : 1
(1,4,2,8,9,5,6,10,7,3) : 1
(8,4,7) : 2
(8,10,2) : 2
(4,6,5,2,10,7,3,1,9,8) : 1
(4,1,8,2,5) : 1
(4,6,8) : 6
(1,4,7) : 27
(4,5,6,10,7,2,9,8,3,1) : 1
(5,7,6,2) : 1
(1,8,6,5,2,10,4,3,7,9) : 1
(1,6,7) : 1
(10,2,3,7,5,9,6,4) : 1
(1,2,3,4,5,7,8,9,10,6) : 1
(5,10,1,8) : 2
(9,3,10,5,2,4,6,7,8,1) : 1
(4,10,7,5) : 1
(7,1) : 10
(1,2,10,7,6) : 1
(5,8,9) : 1
(7,6,4) : 1
(1,2,6) : 1
(5,10,1,4) : 3
(6,5,4,10) : 6
(7,4,2,8) : 2
(1,6,5,4,2,10,3,7,8,9) : 1
(10,6,5,7,2,8) : 1
(2,10,9) : 3
(1,8,10,7) : 1
(4,6,5,9,3,10) : 1
(1,5,6,8,10,2,7,4,9,3) : 1
(7,10,2) : 1
(9,4,2,5) : 1
(5,6,10,2,4,7,8,9,1,3) : 1
(6,1,7,10) : 1
(1,4,10,7,2) : 1
(6,7,10,5,3,4,2,8,9,1) : 1
(1,2,7) : 4
(7,8,2) : 4
(9,4,5,6,7,8,10,3,2,1) : 1
(6,5,10,2,4,9,3,7,8,1) : 1
(1,4,7,3,5,2,6,8,9,10) : 1
(6,5,4,2) : 1
(9,4,1) : 1
(6,5,4,10,9,2,7,1,3,8) : 1
(4,10,6,8) : 3
(9,7,6,5,10,1,2,4,3,8) : 1
(10,6,5,4,2,7,3,8,1) : 1
(10,9,5,3,6) : 1
(5,1,6) : 10
(3,10,2,7) : 1
(1,7,5,6,10,2,4,9,8,3) : 1
(5,6,9,10,2,7) : 1
(10,1,4) : 16
(4,7,5) : 5
(5,10,6,1,4,2,7,8,9,3) : 1
(4,10,5,6,8,3,1,2,7,9) : 1
(10,6,5,7,2,3,4,8,9,1) : 1
(4,8,6) : 2
(5,6,10,2,1,4,7,3,8,9) : 1
(1,6,10) : 5
(9,3,6,5,2,10) : 1
(10,6,9,1) : 1
(5,4,1,10) : 2
(7,4,1,8) : 1
(10,7) : 5
(6,7,5,8,1,4,10,9,3,2) : 1
(10,1,4,6,5,2,3,8,7,9) : 1
(9,2,6,3,10,7,5,4) : 1
(10,2,4,1) : 1
(5,2,4) : 4
(1,5,4,2) : 2
(4,2,7,5) : 1
(5,6,10,3,2) : 1
(4,6,5,7,1,2) : 1
(9,6,10) : 2
(1,5,9,10,2,3,4,6,7,8) : 1
(3,9,2,10) : 1
(10,9,3,5,6,7) : 1
(4,9,10,7,2) : 1
(10,6,3,5,9,4,2,7,8,1) : 1
(10,8,3) : 1
(9,3,6) : 1
(6,4,5,7) : 2
(10,5,7,8) : 1
(10,4,9,1,2) : 1
(10,4,1,9) : 1
(10,4,5,1) : 2
(10,6,5,2,1,9,8,3,4,7) : 1
(2,9,7) : 4
(1,8,10,2,4,5,6,7,3,9) : 1
(4,8,3,2,7) : 1
(4,2,1,8,3,7,9,5,6,10) : 1
(6,3,9,5) : 1
(10,5,6,1,8,4) : 1
(5,6,10,2,8,9,1,7,4,3) : 1
(4,5,3,6) : 1
(4,7,1) : 24
(5,6,10,1,4,2,3,7,8,9) : 1
(5,1,10,6) : 7
(1,3,5,6,10,2,7,8,9,4) : 1
(5,6,1,10,9,8,7,4,3,2) : 1
(8,7,2,1) : 1
(5,2,4,1) : 1
(1,5,8,10,2,6,7,9,3,4) : 1
(3,9,7,10,8,6,5,2,1,4) : 1
(10,7,2) : 2
(2,5,6,7) : 3
(7,2,1) : 3
(4,1,5,7) : 1
(4,9,10,5) : 1
(9,10,4,6) : 1
(8,6,1,10,5) : 1
(10,9,2) : 1
(4,6,1,5,7,2,3,10,8,9) : 1
(5,1,10,6,7) : 1
(5,6,3,4,7,1,2,8,10,9) : 1
(4,5,9,7) : 1
(1,2,4,8,7,3,5,6,10,9) : 1
(5,2,10,1,6) : 1
(4,2,1,5,6,10) : 1
