1,2,3,4,5,6,7,8,9,10,11
1,2,3,4,5,6,7,8,9,10,11
1,2,3,4,5,6,7,8,9,10,11
Informal,0
-+-+-+-+-+-+-+
(6,1) : 4
(9,7,2,4) : 1
(1,2,5,4,3,9,6,8,7,10,11) : 1
(6,11) : 3
(9,2,10) : 1
(3,6,4) : 4
(2,1,4,3) : 1
(7,10,8,11) : 1
(7,10,11) : 23
(10,11,2,7,9,5,8) : 1
(1,6,8,9,2,4,3) : 1
(3,6,8,2,4,5,7,9,10,1,11) : 1
(7,3,8,6,9) : 2
(8,3,6,2,11,9,10,4) : 2
(1,8,3,6,2) : 1
(6,11,9,2) : 1
(2,10,11,6,3,7,8,9,4,1,5) : 1
(6,3,8,2,11,4,7) : 1
(6,11,3,8,7,2) : 1
(3,7,8,10,11,6) : 1
(8,3,2,1,6,9,4,5) : 1
(1,2,4,7,5) : 1
(5,3,6,8,9) : 1
(11,10,8) : 2
(11,5,9,7) : 1
(11,8,6,3) : 5
(2,1,6) : 2
(2,7,11,10,4) : 1
(7,10,11,9) : 4
(7,11,3,8,9,6,10,5,2,1,4) : 1
(6,8,3,1,2,4,9,10,11,7,5) : 1
(8,9,3,2) : 1
(3,8,7,10,11,6) : 1
(3,8,6,9) : 2
(11,9,4,2) : 1
(3,4,6,1,2) : 1
(11,10,6,3,8) : 1
(7,11,9,6) : 1
(7,8,9,11,10,6,3,2,1,4,5) : 1
(5,9,1,2) : 1
(7,11,10,8,2,3,4,1,5,9,6) : 1
(8,2,6,4,9,3,5,7) : 1
(8,9,11,10,3,4) : 1
(1,7,4,2) : 2
(6,8,10) : 5
(8,6,11) : 2
(9,2,6,3) : 1
(8,3,6,11,1,2,4,5,7,9,10) : 1
(7,4,11,1,2) : 1
(7,6,2,9) : 1
(7,10,2,11) : 1
(8,11) : 4
(1,5,2,4,9) : 1
(11,5,3,4,7) : 1
(11,3,8,6) : 1
(4,8,10) : 1
(4,7,11) : 2
(9,11,2,3,4,5,6,8,10,7,1) : 1
(4,9,2,1) : 1
(9,11,7,2,10,4) : 1
(1,5,4,9,2) : 1
(8,7,3,6) : 1
(6,3,1) : 2
(3,6,8,9) : 13
(3,7,1) : 1
(3,6,8,10) : 10
(8,3,7) : 4
(3,6,7,2,8,5,1,4,9,10,11) : 1
(3,6,8,9,7) : 2
(6,8,11,7,3) : 1
(8,3,6,4,2) : 2
(7,3) : 26
(7,2,9,1,11) : 1
(9,7,10,6,3,8) : 1
(6,8,3,7,11,5) : 1
(1,3) : 11
(11,9,8) : 2
(1,2,3,4) : 1
(7,8,11,3) : 4
(10,4,1,2,7,9,11) : 1
(4,10) : 1
(2,4,1,5) : 1
(11,10,7,5) : 2
(7,3,2) : 4
(2,7,9,11,6,3,4) : 1
(11,10,8,6,7,9,3,2) : 1
(3,7,1,8,6,2,4,5,9,10,11) : 1
(3,8,11,6,10) : 1
(10,3) : 1
(7,3,9,8,5,6,4,2,1,10,11) : 1
(1,2,7,5,9) : 1
(4,7,9,11,2,5,10,8,6,3,1) : 1
(7,1,5,9) : 1
(2,3,9) : 4
(2,7,9,11) : 4
(3,10) : 2
(2,1,3,9) : 2
(2,8,6,4) : 1
(7,9,10,11,2,3,6,8) : 1
(2,8,6,3,11) : 1
(7,2,3,9) : 2
(6,8,3) : 313
(4,11,9,2,1,6,3,5,8,7,10) : 1
(5,1,8,3) : 1
(1,2,5,9) : 2
(8,1,6) : 1
(11,7,9) : 4
(6,8,1,3) : 2
(6,3,10,4) : 1
(2,7,3,6,9,4) : 1
(4,1,2,9) : 1
(2,10,1,9) : 1
(3,8,9,10) : 1
(3,6,8,2,10) : 1
(3,6,5,8) : 1
(7,11,4,10) : 3
(7,5,11,10) : 1
(8,6,2,7) : 1
(3,6,8,2,1,5,9) : 1
(1,2,7,11,5) : 1
(7,1,5,4) : 1
(7,11,6,8) : 1
(1,2,6,8,4,9,11,7,10,5,3) : 1
(2,11,10,9,8,6,3,7,4,5,1) : 1
(7,8,11,6) : 1
(3,6,8,2,1,4,5,7,9,10,11) : 1
(7,11,9,10,8) : 1
(11,8,3) : 4
(11,9,8,6,10,3) : 1
(11,2,8,6) : 1
(3,11,8) : 2
(8,2,9) : 5
(2,1,3,9,7) : 1
(7,4,3) : 1
(2,7,11,10,9) : 1
(11,9,7,8) : 1
(5,4,9) : 1
(9,7,10) : 3
(2,9,8,6,3,10,11,5,4,1,7) : 1
(8,3,2,6,10,1,4,9,11,5,7) : 1
(2,11,9,10) : 1
(3,2,6,1,9,8,5,4,7,10,11) : 1
(3,2,6,8,9) : 3
(9,10,3,11,8,2,7,4,6) : 1
(3,7,11,10,5,2,1,4,6,8,9) : 1
(6,8,3,10,9) : 1
(3,11,10,9,8,6,4,2,7,5,1) : 1
(11,5,10,2) : 1
(5,8,3,1) : 1
(3,6,8,11,10) : 1
(7,2,11,9,1,4) : 1
(2,6,10,8,3,11,9,7,5,1) : 1
(3,6,11,8,4,2,7,10,1,9,5) : 1
(8,6,2) : 4
(7,9,5) : 2
(7,10,11,6,5,4,3,2,1,8,9) : 1
(8,2,6,1,3) : 1
(6,5,11) : 1
(7,6,8,3,2,11) : 1
(8,2,9,3,6,4) : 1
(7,3,1,6,5,9,10,11,8,4) : 1
(7,8) : 22
(7,4,9,11,2) : 1
(3,6,8,7) : 20
(2,9,4) : 8
(5,7,3) : 1
(9,6) : 4
(3,4,6,7,8,9,1,2,10,11) : 1
(8,2,9,3,4,6,11,1,10,5,7) : 1
(11,10,3,9,4,5) : 1
(3,10,2) : 1
(7,8,3,11,10,9,6,4,2,5,1) : 1
(7,1,10) : 1
(11,3,6,7,8,9,10,4,5,2,1) : 1
(8,3,2,6) : 2
(7,2,9,4) : 2
(10,7,9,4) : 1
(1,4,9,5,6,2,3,8,7,10,11) : 1
(2,9,3,7) : 1
(6,10,11) : 1
(5,11,8) : 1
(7,6,9) : 6
(3,6,8,4,2,7,9,11,10,1,5) : 1
(11,10,8,6,3,2,1,4,9,7,5) : 1
(11,10,9,6) : 1
(9,2,3,6,8,5,4,1,11,10,7) : 1
(6,9,8,3,2) : 1
(4,10,11,8,3) : 1
(2,1,3,8,6,4,9,7,5,10,11) : 1
(7,6,2,10) : 1
(7,11,8,6) : 1
(7,8,11,6,10,3) : 1
(2,9,7) : 11
(1,5,3) : 1
(5,1,8) : 2
(3,6,8,4,9,2) : 1
(3,6,8,2,9,4,5,10,11,1,7) : 1
(6,8,3,1) : 3
(8,2,5,3,6,4,1,9) : 1
(2,9,3,8,1,6,4,5,11,10,7) : 1
(6,8,5,3,2,7,9,10,1,11) : 1
(9,7,4,2) : 1
(8,4,11) : 2
(6,11,9,8,10) : 1
(6,8,3,1,2,7,4,5,9,10,11) : 1
(7,1,3) : 2
(1,7,10,2) : 1
(2,5,7,10) : 1
(11,7,6,8,3,4,9,10,2,5,1) : 1
(10,7,11,8,9,2,4,6,3,5,1) : 1
(3,6,8,1,2,7,5,4,9,10,11) : 1
(8,6,3,1,2,4,5,7,9,10,11) : 1
(8,6,3,7,11,2) : 1
(7,11,3,6) : 1
(6,8,3,7,2) : 1
(6,9,4) : 1
(6,7,3,8) : 1
(7,11,1) : 2
(2,1,5,11,4) : 1
(2,4,5,7,1,6,8) : 1
(4,8,3) : 1
(2,4,9,1) : 1
(7,2,1,9,11,10,5,4) : 2
(4,3,8,6) : 1
(2,3,9,6) : 2
(1,3,10) : 1
(9,2,7,8,6,4,3,10,11,5,1) : 1
(3,1,2,8,6,4,7,5,9,10,11) : 1
(8,2,1,9,4) : 1
(6,3,7,8,9,2,1,5,4,10,11) : 1
(7,4,11) : 4
(3,8,5) : 2
(2,4,1,9,10,6,3,8,7,5) : 1
(7,2,9,1,4) : 1
(7,11,4,2,1) : 1
(1,5,7) : 7
(7,6,4) : 1
(8,2,3,9) : 1
(7,9,1,5,11) : 1
(10,11,9,2,3,6,8) : 1
(7,9,11,10,2,4) : 1
(7,3,2,6) : 1
(6,11,7) : 2
(2,3,4,6) : 2
(2,7,1,3,4,6,8,5,10,9,11) : 1
(2,1) : 62
(6,5,4,1) : 1
(7,6,3,9) : 1
(2,9,8,6,3) : 2
(7,11,6,8,10,9,2,4,1,5,3) : 1
(5,1,9) : 3
(11,8,10,7,2,5,1,6,4,3) : 1
(7,6,3,2,4,8,10,9,5,1,11) : 1
(2,5,4,9) : 1
(7,11,2,3,4,6,8,1,5,10,9) : 1
(6,2,9) : 1
(8,11,9) : 2
(7,4,5,9,10,11,2,1,8,6,3) : 1
(11,9,10,2,3,4,8,6) : 1
(7,11,5) : 3
(2,7,11,9,8) : 1
(8,7,10,2,11,4,1,5,6,9) : 1
(11,7) : 12
(7,3,10,6) : 1
(3,11,10,5) : 1
(7,6,11,10,9,1,5,4,2,8,3) : 1
(7,10,2) : 2
(7,11,10,9,4,2,3,1) : 1
(9,2,4,7,8,3,6,5,10,11,1) : 1
(7,10,11,9,8,3) : 1
(11,7,6,8,10) : 1
(2,3,1,6) : 1
(7,5,10) : 3
(2,8,4) : 2
(3,7,6,8) : 3
(6,3,8,11,10,9,7,4,2,1,5) : 1
(3,11,8,6) : 1
(6,8,2,7) : 2
(8,2,3,6,4) : 1
(8,4,6) : 2
(2,3,8,9,6,11) : 1
(7,11,9,4) : 2
(11,6,4,5) : 1
(2,1,4,8) : 1
(2,7,9,11,10,1,4,5) : 1
(2,9,8,4) : 1
(8,6,3,10) : 3
(7,10,6,11) : 1
(1,2,11,9) : 1
(1,3,5) : 4
(8,3,9) : 2
(2,1,7) : 13
(6,3,2,8,1) : 1
(5,9,11,10,7,6,8,4,3,2,1) : 1
(7,6,2,3,8,9,11,10,5,4,1) : 1
(2,9,3,4) : 2
(10,3,9) : 1
(2,9,8,6,3,7) : 1
(3,5,6) : 4
(6,3,10) : 1
(4,7,3,10) : 1
(6,5,2,8,1,3,7,4,9,11,10) : 1
(2,3,6,8,9) : 3
(7,6,3,8) : 5
(9,11,10) : 2
(2,9,1) : 5
(7,5,10,11) : 1
(3,11,10) : 3
(9,7,5,4) : 1
(7,11,9,8,10) : 1
(8,7,6,11) : 1
(6,3,9,4) : 1
(10,7,11) : 4
(2,3,6,8,10,1) : 1
(7,6,2,8) : 1
(7,9,8,11) : 1
(6,7,9,2,10,4) : 1
(6,5,3,8) : 1
(8,6,3,2) : 9
(9,2,11,10,1,3,6,8,7) : 1
(1,2,3,8,9,4,7,6,5,10,11) : 1
(6,3,10,8,2,1,4,7,11,5) : 1
(9,10,11) : 1
(9,2,4,8) : 2
(7,6,11,4) : 1
(3,6,8,2,10,11,4,1,7,5,9) : 1
(3,6,8,2,9) : 2
(3,8,4,6,11,10,9,7,5,2,1) : 1
(3,6,8,7,9,2,10,11,5,1) : 1
(6,8) : 53
(6,4,3) : 1
(11,2,1) : 1
(7,10,5,2) : 1
(1,7,2,4,8,9,5,3,6,10,11) : 1
(7,2,4,1,9,11,10,5,3,6,8) : 1
(2,7,8,3,6) : 1
(3,8,6,10) : 3
(2,7,6,3,9,10,11,8,4,5,1) : 1
(5,11,7,1,2) : 1
(3,7,8) : 8
(1,5,6,3) : 1
(11,10,4,6,3,8,9,2,7,1,5) : 1
(6,3,1,8,5) : 1
(7,2,4,8) : 1
(2,7,8,1) : 1
(3,7,8,1) : 1
(6,8,3,1,7,5) : 1
(2,9,11,1,10) : 1
(9,2,11) : 2
(2,11,10) : 1
(2,3,6,8) : 16
(1,2,7,4,9) : 1
(6,8,7,2,9) : 1
(11,10,7,5,4,9,8,3,2,1,6) : 1
(11,8,10,3) : 1
(7,6,11,2) : 1
(2,1,8,9) : 1
(4,7,1,2) : 2
(6,1,4,5) : 1
(11,3,8) : 3
(1,2,4,3) : 1
(2,11,10,9,8,6,3,1,5,7) : 1
(2,4,10) : 2
(7,8,10,2,3,4,5,6,9,11,1) : 1
(7,11,10,2,4,5,9,1,3,6,8) : 1
(8,3,11,6) : 1
(7,2,4,3) : 1
(3,8,11,10) : 2
(2,8,3,6,7) : 1
(7,2,1,9,3,4,5,6,8,10,11) : 1
(6,7,8,3) : 8
(11,2,6) : 1
(7,9,8,4,10,11) : 1
(8,6,3,2,9) : 1
(1,2,4) : 14
(3,1,6,8) : 2
(2,1,4,7,10) : 1
(7,9,4,11) : 1
(7,9,6) : 3
(6,3,8,11,10,4,2,9) : 1
(6,8,3,9,4,2,1,5,11,10,7) : 1
(6,5,3,11,10,8) : 1
(8,10,11,9,2,6,3,4,5,7,1) : 1
(7,9,5,10,11,8) : 1
(3,2,9,8) : 1
(8,3,6,2,4,11) : 1
(1,2,7,9) : 6
(7,5,1,2,4,9) : 1
(1,2,5,7,10) : 1
(3,2,8,4,1) : 1
(7,2,11,8) : 1
(2,3,1,7,8,6) : 1
(4,2,3,6,7,8,9,10,11,5,1) : 1
(6,2,1,3,8) : 1
(6,8,2,3) : 1
(2,7,9,11,4) : 1
(7,11,6,8,3,9,10,2,4) : 1
(10,7,6,3,1,2,4,5,8,9,11) : 1
(11,7,2,10) : 2
(7,9,4,10) : 4
(7,11,9,10,8,6,4,3,2,1,5) : 1
(7,9,8) : 2
(11,3,5,9,10) : 1
(2,11,9) : 3
(7,6,5,3) : 1
(7,6,10,3) : 1
(7,5,9) : 2
(3,6,8,4,2,1,9) : 1
(2,4,6) : 2
(7,1,2,8) : 1
(6,2,4,7,9,10,11,8,5,3) : 1
(6,7,4) : 1
(3,6,10,11) : 3
(6,7,8,11) : 1
(2,9,6) : 4
(3,6,8,2,4,10) : 1
(3,4,6,8,7,9,10,11,2,5,1) : 1
(7,9,11,3,4,6,8,10,2,1,5) : 1
(3,6,8,11,7,4,2,1,5,9,10) : 1
(6,5,3) : 2
(11,10,9,2) : 2
(2,6,7,8,3,4,9,10,11,5,1) : 1
(10,11,9) : 1
(7,9,6,2,10,8,11,1,3,4,5) : 1
(11,10,9,7) : 5
(7,2,5) : 2
(11,9,6,4,7,8) : 1
(7,1) : 39
(5,3,6,10) : 1
(10,11,3) : 2
(2,3,6,4,8,7,9,1,5,11,10) : 1
(3,11,8,7,6) : 1
(7,1,2,9,8,3,5,4,11,10,6) : 1
(7,4,9,11,10,3,2,5,6,8,1) : 1
(2,7,10,11) : 3
(3,6,8,7,2) : 1
(2,7,10,9) : 1
(8,6,3,1,2,4,9,10,11,5,7) : 1
(3,6,11,8,9) : 1
(1,9) : 14
(8,6,3,10,11,9,7,5,4,2,1) : 1
(11,3,4) : 1
(10,7,9) : 1
(3,7,8,4,2) : 1
(6,8,9,3) : 1
(3,6,5) : 1
(6,10) : 2
(6,3,8,1,7,10,11,2,9) : 1
(7,6,5) : 2
(1,2,5,6,4,9) : 1
(8,2,7,9) : 1
(11,7,10,9,8) : 1
(6,9,8,2,3,1,4,7,5,10,11) : 1
(6,7,8,3,4,9) : 1
(7,9,2,11,10,4,1) : 1
(10,11,9,4) : 1
(2,3,1,6,8,9,4,5,7,10,11) : 1
(8,5,1) : 1
(10,7,11,6) : 1
(4,1,7) : 4
(5,4,9,10,1,2,11,6,7,3,8) : 1
(2,9,10,7,8,6,3) : 1
(3,8,9,6) : 1
(8,5,9,6) : 1
(11,4,1,2,3,6,5,7,8,9,10) : 1
(3,9,6,8) : 1
(3,6,8,9,2,10,5,4,7,11,1) : 1
(6,3,7,9) : 2
(6,3,9) : 6
(2,3,4,8,10) : 1
(8,6,3,4,1,5) : 1
(1,2,9) : 12
(1,4,9,2) : 1
(3,7,1,5) : 1
(3,6,8,11,4,9,1,2,7) : 1
(11,2,9,6) : 1
(7,10,11,3,1) : 1
(6,8,7,3,10,9,11,4,2,1) : 1
(3,8,4,1,6) : 1
(2,4,9,7) : 1
(7,10,3,1) : 1
(7,5,8) : 1
(7,2,3,9,8,10,6,5,4,11,1) : 1
(3,8,7,2) : 2
(2,3,9,7) : 1
(2,1,11,7,8,9,4) : 1
(2) : 256
(6,8,3,7,11) : 1
(7,4,9,10,11,2) : 2
(8,2,6,9) : 1
(7,10,11,8) : 2
(7,2,11,10) : 2
(2,1,4,9) : 3
(3,8,2,6) : 5
(2,6,1) : 2
(3,6,8,10,7,9) : 1
(7,9,3) : 5
(7,2,3,6) : 2
(8,11,6,3) : 1
(6,3,11,1) : 1
(3,6,1) : 1
(3,11,7,10) : 1
(3,8,9,2) : 5
(8,7) : 10
(2,8,11,3,9) : 1
(2,9,3,1,8) : 1
(3,11,9) : 1
(7,2,1,9,10,11,8,6,3,4,5) : 1
(7,11,10) : 24
(1,2,7,9,11) : 1
(2,11,10,4) : 1
(6,3,8,7,1,2,9,4,5,11,10) : 1
(7,8,2,3) : 1
(7,2,10,11,5,4,3,8,9,6,1) : 1
(2,3,6,8,1,4,5,9,11,10) : 1
(8,7,3,2) : 1
(11,10,8,6,3,2) : 1
(4,2,9,1) : 1
(8,9,2) : 1
(4,7,9,2,1,5,11,10,6,3) : 1
(9,5,4) : 1
(7,3,2,10,1) : 1
(10,2,6,11) : 1
(5,6,1,2,3,8,9,10) : 1
(7,6,3,2,11,10,8) : 1
(8,3,6,2) : 9
(1,3,4) : 2
(2,7,1,5,9) : 1
(3,6,7,9) : 1
(7,3,6,8,1,2,4,5,9,10,11) : 1
(3,6,8,2,10,7) : 1
(3,6,8,2,10,7,9) : 1
(6,10,11,7) : 1
(8,6,11,3) : 2
(6) : 230
(7,11,10,4,2,9,8,6,5,3,1) : 1
(9,11,7,10,8,6,3,2,1,5) : 1
(10,8) : 1
(11,7,10,9,6,8,5,3,2,1) : 1
(3,5,6,8,10) : 1
(10,11,9,8,6,3) : 1
(10,3,7) : 2
(11,9,3) : 1
(8,3,7,11,5) : 1
(11,7,5,10,3,6,8) : 1
(5,7,9) : 1
(9,10,11,7,6,8,3,2,4,1,5) : 1
(8,9,11,6,3) : 1
(2,3,4,8) : 1
(1,7,9,2,11) : 1
(9,10,7,3,4,11,8,6,5,1,2) : 1
(8,4) : 1
(6,9,2,3) : 1
(7,10,9,4,1,2,11,5,6) : 1
(4,7,2) : 2
(2,8,7,1) : 1
(7,2,10) : 6
(7,9,11) : 21
(4,2,7,9,1) : 1
(7,3,11,8,2,10) : 1
(1,2,9,4) : 3
(8,6,3,4) : 4
(3,8,6,4) : 1
(11,9,10) : 5
(8,2,7,3) : 1
(8,6,3,1,5) : 1
(7,1,9,2) : 1
(2,1,9) : 12
(7,9,2) : 25
(2,5,3,6,7,8,10,11,9,4,1) : 1
(2,3,6,8,7) : 1
(6,8,2,1) : 1
(6,10,9,11,7,4) : 1
(2,8,11,4) : 1
(11,6) : 4
(11,9,6,8,3) : 1
(7,2,10,11,9,1) : 1
(9,1) : 1
(8,6,3,5) : 4
(3,6,2) : 10
(3,8,10) : 5
(1,4,5,9) : 3
(11,2,10,4,9,7) : 1
(7,9,11,10) : 2
(7,2,3,4) : 1
(7,5,8,6,3,2,4,9,10,11,1) : 1
(9,3,8,6) : 1
(1,2,5,4) : 7
(8,2,6,3) : 5
(7,2,9,8) : 1
(2,8,5) : 1
(6,1,2) : 1
(11,8,10) : 2
(1,2,9,8) : 1
(6,2,7,8) : 2
(7) : 573
(8,6,7,3) : 1
(7,2,11,9,4,10,3,8,6,5,1) : 1
(6,2,9,11) : 1
(10,11) : 8
(1,5,3,9) : 1
(3,2,7) : 2
(1,2,4,7) : 1
(6,8,2,11) : 2
(2,7,4,9,3,6,8,1,10,11,5) : 1
(6,1,2,4) : 1
(11,10,7,9,2,4,6,3,8,5,1) : 1
(6,3,8,9,5,11,10,2,1,7,4) : 1
(1,2,3) : 7
(11,7,6,8) : 1
(8,3,7,2) : 1
(7,1,8,9,2) : 1
(7,9,1,11) : 1
(3,6,8,7,4,10,11,5,2,1,9) : 1
(2,7,10) : 6
(3,8,7,2,6,9,4,10,11,1,5) : 1
(5,6,7,8,11,10,9,4,3,2,1) : 1
(7,3,10,9) : 1
(8,1,9,3,2) : 1
(2,8,3,9,7,6) : 1
(6,3,2,4,1,9) : 1
(8,2) : 20
(10,6,3,8,9,11) : 1
(6,2,1) : 1
(10,7,9,4,11) : 1
(7,3,8) : 15
(7,8,10,3,2) : 1
(7,9,10,11,2,4) : 1
(2,9,7,4,5,6,11,10,3,8,1) : 1
(3,6,7,8,10,9,4) : 1
(7,2,11) : 10
(3,6,10) : 2
(10,8,11,3) : 1
(7,1,4,5) : 1
(3,6,8,9,2,1,7,10,11,4,5) : 1
(7,11,10,4) : 4
(3,8,6) : 96
(2,8) : 23
(1,4,5) : 6
(7,1,2,9,4) : 2
(2,6,10,11) : 1
(7,1,6) : 1
(10,11,8,3) : 1
(2,7,3,6) : 1
(3,6,9) : 5
(7,3,8,6) : 4
(5,1,8,3,6) : 1
(3,8,5,6,11) : 1
(8,11,10,7,6) : 1
(2,4,9,11) : 1
(7,5,4) : 2
(10,11,8) : 1
(1,9,2,3,6,8) : 2
(2,4,3,11) : 1
(9,1,2,4,5,7,8,3,6,10,11) : 1
(7,11,8) : 3
(7,6,4,3) : 1
(8,2,6,7) : 1
(7,9,10,2) : 1
(6,3,8,9,11,10,4,7,5,2) : 1
(9,8,6,2,3) : 1
(9,10,2,11,7,4,5,6,8,3,1) : 1
(7,9,4,2,1,11,10,8,6,3,5) : 1
(6,8,3,11,10) : 1
(4,8) : 1
(10,11,9,2) : 1
(4,3,2) : 1
(6,3,8,11,10) : 1
(7,11,4,9,10) : 2
(8,9,10) : 1
(9,10,7) : 2
(3,10,11,7,2) : 1
(2,4,9) : 9
(7,9,11,3,2) : 1
(6,8,7) : 3
(7,6,9,4,11) : 1
(6,8,3,7,11,2,10,5,4,9,1) : 1
(8,9,4,3,6,2) : 1
(2,4,7,3,6,8) : 1
(2,7,1,5,4,9,10,3,6,8,11) : 1
(7,5,6) : 1
(2,3,6,8,4) : 2
(2,4,7,9) : 1
(7,2,10,5) : 1
(6,3,9,2) : 1
(2,9,7,4,3,8,6,10,11,1,5) : 1
(3,6,11,8) : 1
(9,8,7) : 3
(3,2,6,8,7) : 1
(8,6,3,9,2) : 2
(7,3,1) : 1
(2,1,6,3,8,7,9,4,5) : 1
(1,2,4,3,7,8,9,6) : 1
(7,3,9,10,11,6,5) : 1
(6,8,3,11,9,10) : 1
(1,6,4) : 1
(2,10,7,9,8,11,5,6,3,4,1) : 1
(3,7,8,9,10,4,5,2,1,11) : 1
(2,7,10,3,8,11,9,5,4,1,6) : 1
(11,7,5,3,6) : 1
(8,3,6,1) : 3
(10,8,1) : 1
(7,2,9) : 43
(2,7,3,6,9) : 1
(9,2,7,6) : 1
(9,4,11) : 1
(8,3,5) : 2
(10,11,7,5,3) : 1
(8,6,4,9,10,1,2,3,5,7,11) : 1
(7,3,10,11,6,8) : 1
(7,9,2,1) : 2
(6,7,8,10,5,4,3,2,9,11,1) : 1
(1,5,7,2,4) : 1
(4,7,8,2) : 1
(3,2,6,4) : 1
(1,4,2,8,9) : 1
(6,3,8,10,1,2,4,5,7,11,9) : 1
(8,1,2) : 1
(7,11,10,9,3,6,8) : 1
(11,3,2) : 1
(8,11,6,3,10,4,9,7,5) : 1
(6,3,5) : 1
(3,6,2,7,8,9,11) : 1
(9,2,4,7,6,8,3,11,10,1,5) : 1
(8,3,7,6) : 1
(7,11,2,10,4) : 1
(6,2,3,4,8,7,5,9,10,11,1) : 1
(1,7,6,8) : 1
(11,7,2) : 3
(4,7,10,5) : 1
(3,4,8,5) : 1
(3,6,8,2) : 21
(3,1,2) : 4
(7,8,4,3) : 1
(3,10,1,2,5,6,7,8,9,4,11) : 1
(4,5,1,3,6,7,8,9,10,11,2) : 1
(3,11,8,7,2) : 1
(7,8,9,10) : 1
(7,6,2,1,4,3,8) : 1
(3,6,7) : 8
(8,7,3) : 1
(6,2,11,4,7,8,3,1,10,9) : 1
(8,3,11) : 2
(1,3,2,5,8,11,6,4,10,9,7) : 1
(5,7,3,6,2,1,8,9,10,4,11) : 1
(5,11,9,10,8,7,6,4,3,2,1) : 1
(1,3,9) : 1
(4,2,9,7) : 3
(6,8,3,7,11,2,1,4,5,10,9) : 1
(9,10,7,6) : 1
(1,2,3,6) : 2
(5,9,10,4) : 1
(6,8,3,2,1,9) : 2
(9,8,2,7) : 1
(11,9,4,6) : 1
(7,9,10,8,3,6,2,4,11,5,1) : 1
(8,3,2,7,10,11,9,6,4) : 1
(2,3,6) : 8
(7,11,10,8) : 2
(7,10) : 32
(6,8,3,9,11) : 1
(2,6,9,4) : 1
(10,7,2,8,6,3) : 1
(7,4,2) : 3
(11,7,2,1,5,8,9,6) : 1
(9,1,5) : 1
(1,5,3,2,4,6,8,7,9,10,11) : 1
(11,7,9,10,4,2,6,8,3,1,5) : 1
(7,4,2,1) : 1
(11,2,9,8,6,3) : 1
(8,2,7,1) : 1
(7,4,9,1,2,10,11,3,5,6,8) : 1
(10,11,2,1,7) : 1
(9,4,2,11,10,5,3,1,8,6,7) : 1
(7,1,2,5,9,10,11,4,3,8) : 1
(8,9,7) : 2
(1,5,8) : 1
(5,11,2,4,1,8,10,9,3,6,7) : 1
(10,5,11,6) : 1
(7,4,1,10) : 1
(2,3,10) : 1
(7,2,11,10,9) : 1
(7,11,2,10) : 3
(11,10,7,6,4,1,2,3,5,9,8) : 1
(3,2,8,6,11) : 1
(2,11,7) : 4
(7,8,3,6) : 3
(7,4,11,10) : 1
(8,7,1,2) : 1
(7,10,2,4) : 1
(9,6,8) : 1
(7,1,9) : 8
(7,4,2,10,11,6,3,1,5,8,9) : 1
(6,8,3,9,4,11,10,2,5,1,7) : 1
(7,11,9,2) : 1
(2,1,9,8,6,4,3) : 1
(2,6,8,3,4,11,10,9,5,1,7) : 1
(8,1,2,9) : 2
(1,3,2,7) : 1
(9,7,11) : 2
(10,7,11,8) : 1
(10,11,4) : 1
(2,8,9,3,6) : 1
(10,9,2,4) : 1
(7,9,11,10,4,2) : 1
(3,7) : 11
(3,9,6) : 1
(2,5,7) : 2
(2,8,9,11,3,5,6,1,7,10,4) : 1
(6,4,3,7) : 1
(1,3,5,8,6,2,7,10,11,4) : 1
(3,2,6,7) : 2
(6,3,8,7,1,2,4) : 1
(6,3,8,10,11) : 1
(1,2,4,5,9) : 2
(1,11,10,9,2,3,4,6,5,7,8) : 1
(3,2,6,9,1,4,8,7,11,5,10) : 1
(11,7,3,5,9,10,8,6,4,2,1) : 1
(6,8,3,11,9,4,2,5,1,7) : 1
(7,3,6,8,9,4) : 1
(10,11,9,8) : 1
(7,2,3,9,6,4,8,10,11,5) : 1
(6,3,8,11,7) : 1
(7,2,6,4) : 1
(2,4,8) : 1
(8,3,6,1,2,9,4,5,10,11,7) : 1
(6,2,3) : 4
(1,9,11,4) : 2
(6,7,3,8,10,9,11,1,2,4,5) : 1
(3,7,5,11,1) : 1
(9,2,7,4,10,11) : 1
(2,3,5,6,7,8,11) : 1
(7,11,2,9) : 1
(3,7,6,9) : 1
(1,2,7,10,11,4,5,3,9,6,8) : 1
(7,2,9,6,10) : 1
(9,7,3) : 2
(7,11,6,2) : 1
(10,11,2,5) : 1
(1,2,5,4,9,3,6,8,7,10,11) : 1
(10,9,2) : 1
(11,7,4) : 5
(7,11,3) : 3
(3,5,7) : 1
(7,1,6,4) : 1
(2,7,1,4,9) : 1
(10,2) : 3
(1,2,8,4) : 1
(3,6,8) : 541
(6,3,8,4) : 6
(1,5,8,3) : 1
(2,1,3,6,7,8,5,4,9) : 1
(7,10,11,5) : 2
(1,2) : 71
(11,10,8,3,7,4,2,6,9) : 1
(10,11,8,7,6,9) : 1
(2,7,11,9,4) : 1
(7,9,8,10,11,2,3,4,1,6,5) : 1
(2,7,4) : 10
(1,2,5,9,4,3,6,8,7,10,11) : 1
(6,2,4) : 2
(3,6,7,8,4,11,2,9,10,1,5) : 1
(10,11,8,6) : 1
(6,5,3,2,4,8,9,10,11,7,1) : 1
(5,1,3,6) : 1
(6,8,2,5) : 1
(1,6,7,2,3,4,8,9,10,11,5) : 1
(11,7,10,9,8,3,5,6,4,2,1) : 1
(3,6,8,4,5) : 1
(6,5) : 4
(2,1,4,7) : 1
(10,11,2,9,3,8,4,6,1,5,7) : 1
(7,3,9) : 3
(7,2,9,10) : 3
(6,2,7) : 2
(8,3,11,9,6,4,2,7,10,5,1) : 1
(9,4,6,8) : 1
(7,10,1,2,3,4,5,6,8,9,11) : 1
(1,8,3,2) : 1
(2,9,3,6,8) : 2
(7,6,2,8,9,11) : 1
(11,10,3,6,8) : 1
(7,8,11,5) : 1
(7,11,3,8) : 1
(7,2,10,11) : 2
(9,3,7,8,2,10) : 1
(7,10,11,2) : 1
(4,3,2,10) : 1
(2,10,7) : 1
(3,8,2,1,6) : 1
(2,7,8,11,6) : 1
(7,2,8,3,6,5,10,9,1,4,11) : 1
(2,1,5,9,3,8,6,7,4,11,10) : 1
(3,2,6,8,9,10,11,5,4,1,7) : 1
(11,9,7,10) : 1
(7,9,11,10,5,4,2,1,3,6,8) : 1
(6,8,3,2,7,4,5,1,10,9,11) : 1
(7,11,2,5,10,4,1,9,8,6,3) : 1
(9,7,2,4,10,11,8,3,6,1,5) : 1
(3,1,6,8,2,5,4,11,10,7) : 1
(10,7,4) : 1
(1,2,7,6) : 2
(9,2,4,7) : 3
(11,9,2,7) : 1
(7,11,4,2) : 2
(6,8,3,10) : 5
(3,11,6,8,10,9) : 1
(7,6,9,8,3,2) : 1
(5,11,2) : 1
(3,9,11,8,6) : 1
(1,5,2,9,3,4,6,8,7,10,11) : 1
(5,8,1) : 1
(7,6,9,8,10) : 1
(2,7,4,3,6,5,8,9,10,1,11) : 1
(8,3,4,6,7,9,10,11,1,2) : 1
(2,8,9) : 3
(2,3,9,8,6) : 1
(3,5,6,9) : 1
(6,3,11) : 4
(2,5,7,9,1,4) : 1
(8,3,6,9,11,7,2,10,4,5,1) : 1
(5,9) : 1
(3,2,6,8,9,10,11,5,4,7,1) : 1
(11,4,9,10,1) : 1
(3,6,2,8,4) : 1
(2,6,7) : 1
(4,3,8) : 1
(4,2) : 6
(7,4,1,11,10) : 1
(6,8,9,10) : 1
(7,9,3,2,11,10) : 1
(6,3,7) : 7
(8,9,6,3) : 1
(6,7,8,2) : 1
(9,6,8,7) : 1
(7,2,9,11,10,1,5,4) : 1
(8,7,9,2) : 2
(7,9,6,11) : 1
(3,7,1,2) : 1
(4,6,7,8,9,10,11) : 1
(10,9,11,7) : 1
(9,6,3) : 3
(1,4,2,11) : 1
(7,2,6,9) : 2
(2,5,10,7) : 1
(11,10,2) : 2
(11,10,9) : 4
(2,1,7,8) : 1
(7,10,9,11,8,6,3,2) : 1
(3,6,8,11,7) : 1
(7,10,9,11,8,5,4,2,1,3,6) : 1
(3,6,8,9,2) : 3
(1,7,3) : 1
(6,7,10) : 1
(7,2,9,10,11,8,4,3,5,6,1) : 1
(2,9,1,4) : 1
(1,5,6) : 1
(7,2,3,6,8) : 2
(2,3,6,7,8) : 1
(7,8,11) : 1
(3,8,6,7,1,2,10,9,11,5,4) : 1
(7,10,4) : 1
(10,3,11) : 1
(9,10,2) : 3
(4,11,10) : 2
(9,7,3,2,6) : 1
(6,2,1,3,7,8) : 1
(7,8,9,3) : 1
(3,2,1,4,5,6,7,8,9,10,11) : 1
(7,3,6,8,9,2,1,5,10,11,4) : 1
(6,1,4,5,7,9,8,10,11,3,2) : 1
(2,1,3,6) : 2
(3,2,7,9,6,4) : 1
(5,1,2) : 5
(11,9,10,7) : 1
(3,8,6,2,7,9,11,10,4,5,1) : 1
(7,10,1,11,4,8,5,2,3,9,6) : 1
(7,10,6) : 1
(2,6,7,8,3,5) : 1
(2,3,1) : 6
(11,8) : 1
(1,2,3,4,5) : 1
(2,7,4,3) : 1
(3,8,6,5) : 1
(11,7,9,10) : 1
(11,4,2,6) : 1
(9,10,11,4) : 2
(8,6,5,3) : 1
(8,1,4,2) : 1
(2,4,3) : 2
(7,5) : 3
(8,3,6,2,9,5,4,7,1,11,10) : 1
(3,8,6,7) : 3
(8,6,2,3) : 5
(2,6,7,10,11) : 1
(1,7,6,8,3,2,4,5,10,9,11) : 1
(7,11,4) : 7
(5,1,3,6,8,11) : 1
(2,7,1,6) : 1
(7,9,2,4) : 4
(6,3,8,11,2) : 1
(6,8,3,7,9,11,10,5,1,2,4) : 1
(11,10,5,2) : 1
(7,6,3) : 14
(6,3,5,8) : 1
(3,8,2,9,11,10) : 1
(2,11) : 11
(6,9,7) : 1
(1,5,10) : 3
(2,7,10,11,1) : 1
(9,2,3,4,10,11,8,7,6,1,5) : 1
(2,5,7,1) : 2
(7,4,1,3,2,5,8,6,9,10,11) : 1
(3,2,10,11) : 1
(2,7,8,9) : 1
(10,3,2) : 1
(11,10,4,7,9,5,2,1,3,6,8) : 1
(7,11,6,3) : 3
(1,3,2,4,5,6,7,8,9,10,11) : 1
(7,1,4) : 5
(3,2,9,6) : 1
(9,4,2) : 5
(7,2,1,9,5,6,4) : 1
(7,10,9,11) : 4
(2,1,8,3,4) : 1
(8,1) : 4
(3,6) : 75
(3,11,8,2,1,4,5,7,6,9,10) : 1
(2,9,5,6) : 1
(9,10,6,3,8,7,2) : 1
(8,11,3,6) : 3
(3,2,1,8,6,5) : 1
(2,4,7) : 6
(2,10,11,3) : 1
(2,9,7,6) : 1
(11) : 109
(3,6,8,9,11,2,4,10,1,5,7) : 1
(7,3,2,8,1,4,5,9,10,11) : 1
(11,10,7,6) : 2
(7,1,2,3,4,6) : 1
(7,9,4,1,2,5,10,11,3,6,8) : 1
(8,11,6) : 1
(4,7,2,1) : 1
(1,11) : 2
(6,3,7,11) : 2
(2,7,5,9) : 1
(2,8,1,4) : 1
(7,1,2) : 13
(4,9,2) : 1
(5,3,6,7,8,9,10,11,1,2,4) : 1
(4,3,10,7) : 1
(8,6,3,2,1) : 1
(9,10,2,11,7) : 1
(4,2,11,9) : 1
(1,4,2) : 11
(11,7,10,5,4,2,9) : 1
(3,6,8,11,10,9,2,7,4,5,1) : 1
(2,8,3,7) : 1
(7,2,6,1) : 1
(8,3,7,1,10,5) : 1
(1,3,8,6) : 1
(1,5,2,7,9,10,11,4,3,6,8) : 1
(1,5,2,3) : 1
(7,10,4,11) : 1
(3,2,8,6,11,7) : 1
(8,1,3) : 1
(1,2,4,5,7) : 1
(8,9,3,6) : 1
(10,9,7,11,4) : 1
(5,6,8,3) : 2
(3,7,2,6) : 1
(8,11,6,7) : 1
(1,2,3,4,9,6,5,8,7,10,11) : 1
(2,9,7,5) : 1
(6,11,3,8) : 2
(8,6,10,3) : 1
(11,6,5) : 1
(8,2,6) : 4
(5,1,2,9,4,3,6,8,7,10,11) : 1
(11,8,6) : 1
(3,9) : 11
(8,3,6,9,4) : 1
(4,1,8) : 2
(1,3,7) : 1
(1,2,5) : 14
(11,3,2,6) : 1
(7,4,10,5) : 1
(4,3,6,8,1,5,2,7,9,11,10) : 1
(7,5,4,8,9,10) : 1
(7,10,11,9,8,6,5,2,4,3,1) : 1
(7,9) : 71
(2,7,1,6,9) : 1
(2,9,3,8,6) : 2
(1,5,2,4,7,9,10,11,8,6,3) : 1
(11,3,9,8,6) : 1
(2,7,11,3,9) : 1
(8,6,3,9) : 10
(11,10,8,3,9,4,6) : 1
(8,9,5) : 1
(10,7) : 8
(2,3,11,8) : 1
(2,3) : 36
(1,3,2) : 1
(2,8,9,6) : 1
(2,1,4,3,5,6,8,7,9,10,11) : 1
(7,2,3,8) : 2
(2,7,6,3,8,4,5,1,9,11,10) : 1
(3,6,2,1) : 1
(3,6,8,9,10,11,5,4,2,1) : 1
(10,9,11,8,6,3) : 1
(1,6,8,3,4) : 1
(7,2,9,4,10,3,6,8,5,11,1) : 1
(2,7,1) : 12
(1,2,7,4) : 3
(1,2,4,7,5,9,3,6,8,10,11) : 1
(6,7,5,8,4,3,9,10,2,1,11) : 1
(1,7,2) : 11
(2,9,3,7,1) : 1
(3,5,7,9) : 1
(3,6,8,4,5,7,9,10,2,1,11) : 1
(7,9,11,5,2,10,4,8,6,3,1) : 1
(2,1,7,9,3,11) : 1
(9,7,10,2) : 1
(4,6,3,8) : 2
(7,4,8,3,9,5,2,1,10,11) : 1
(11,10,7) : 8
(8,7,2,3,9,10,6) : 1
(8,3,6,2,9) : 3
(8,6,3,2,7,10,11,5,4,1,9) : 1
(6,10,8) : 1
(7,11,2,1,10,5,4,3,6,8,9) : 1
(7,2,1,5,9,10,11,6,3,8) : 1
(7,11,2,1,4,9,10,5,6,3) : 1
(7,8,6,4,3,5,1,2,9) : 1
(6,2,9,3,11) : 1
(4,3,10) : 1
(5,8,3) : 3
(7,4,1) : 2
(2,1,8,4,5,9,3,6,7,10,11) : 1
(1,3,2,4) : 1
(1,5,2,4) : 4
(10,11,2,6,3,4,7,8,9,5,1) : 1
(9,3,1) : 1
(2,3,6,8,1) : 2
(8,11,10) : 1
(7,2,5,1) : 1
(5,7,3,10) : 1
(3,2,8,6) : 2
(2,5,6,1,7,8,4,3,9,10,11) : 1
(7,11,2,10,9,4) : 1
(6,7,8,3,2,4,10,11,9,5,1) : 1
(2,10,11,9) : 1
(11,9,6,2,3,7,8,10,4,5,1) : 1
(5,9,1) : 2
(7,2,11,9,4,3,5,6,8,10,1) : 1
(7,11,10,4,9,2,6,3,5,1) : 1
(9,2,4) : 4
(1,7,4) : 6
(1,3,2,10) : 1
(7,11,9,8,3,10) : 1
(1,9,10) : 1
(1,5,3,8,4,2,6,9,7,10,11) : 1
(7,11,10,6,3) : 1
(5,6,3,8,1,2,4,7,9,10,11) : 1
(7,2,5,3) : 1
(6,8,3,2,9) : 2
(7,11,2,4) : 3
(7,10,11,2,4,3,9,5,6,8,1) : 1
(9,7,4) : 1
(3,4,11,10,8,6) : 1
(6,2,3,7) : 1
(7,11,8,3,2,6,9,10,5,4,1) : 1
(7,8,3,2,5,6,9,4,1,11,10) : 1
(7,2,4,11) : 3
(11,10,7,9,4,2,8,3,6,5,1) : 1
(5,2,1) : 1
(7,1,2,3) : 2
(2,9) : 51
(3,6,8,11,10,9,2,4,7,5,1) : 1
(9,2) : 30
(1,5,2,3,4,6,8,7,9,10,11) : 1
(10,11,2,3,5,4,6,7,8,9,1) : 1
(7,9,4,2) : 2
(7,3,6,8,4) : 1
(7,8,2,6) : 1
(2,11,9,7,4) : 1
(2,1,3,4,7,8,9,6,5) : 1
(6,3,8,1) : 1
(6,3,11,4) : 1
(1,9,5,4) : 1
(8,6,2,1) : 1
(3,6,8,7,11,2) : 1
(10,5,6) : 1
(3,6,8,10,11,9,4,2,1,7,5) : 1
(2,3,4,6,5,8,9) : 1
(3,11,2,9,7,10,8,6,4) : 1
(9,10,11,2,7) : 1
(2,8,1) : 12
(7,2,3,6,8,9,4,11,10,5,1) : 1
(8,3,2) : 10
(8,3,6,2,5,10,11,9) : 1
(3,6,8,7,9) : 1
(7,10,9,8,6,3,2,11,4,5,1) : 1
(2,9,3) : 4
(7,11,9,2,4) : 1
(11,7,3) : 4
(8,3,6,2,9,4,1,7,10,11) : 1
(5,2,4) : 1
(8,3,6,9,1,2,4,5,7,10,11) : 1
(7,2,9,3,4,1,6,8,10,11,5) : 1
(6,8,11,10) : 1
(7,11,3,10,4,8) : 1
(7,9,3,2,10,8,11,6,4,1,5) : 1
(7,9,4,1,2,8) : 1
(3,6,8,10,11,9,4) : 1
(11,9,7) : 5
(2,8,6) : 9
(5,1,4,7) : 1
(7,1,4,9,2) : 1
(7,3,5,9,11,1,4,8,2,10) : 1
(6,11,10,7) : 1
(7,11,10,2,3) : 1
(3,8) : 67
(2,7,6,1,3,8,9,4,10,11) : 1
(10,6,5,3) : 1
(2,6,4,7) : 1
(2,1,8,3,9) : 1
(2,6,7,1) : 1
(7,2,1,11) : 2
(7,10,3,8) : 1
(10,9,6,3) : 1
(6,3,8,7,11) : 1
(1,7,8) : 1
(7,2,1,4) : 5
(2,11,7,9,8) : 1
(7,2,3) : 11
(6,8,3,7,9,2,4,11,10,5,1) : 1
(7,9,10,5) : 1
(3,1,8) : 3
(2,1,9,3) : 1
(7,3,4,6,8,9) : 1
(6,3,8,9,2,1,10,11,5,7,4) : 1
(6,8,3,10,9,4,2,1,5,7,11) : 1
(7,1,8) : 1
(11,7,4,10) : 1
(11,2,4) : 1
(2,4,8,9,10,11,7,3,5,1,6) : 1
(7,8,10,11,5,3,1,9,6,4,2) : 1
(2,6,5,1) : 1
(7,6,3,10) : 2
(6,7,8,3,9,11,10,4,2,5,1) : 1
(9,10,11,7) : 2
(8,6,3,9,2,1,4,5,10,11,7) : 1
(9,10,11,4,7,8,3,6,2) : 1
(4,6,8,3,9) : 1
(2,5,8) : 1
(5,11,1) : 1
(2,9,8,6,3,1) : 1
(6,2,7,10) : 1
(3,7,9) : 4
(6,7,3) : 5
(8,3,6,11) : 2
(7,2,4) : 9
(3,6,8,7,1,2,9,4,5,10,11) : 1
(7,9,8,3) : 1
(2,1,4,11,5) : 1
(8,2,7) : 4
(9,2,8,3) : 1
(7,2,3,8,9,4) : 1
(5,10,1) : 1
(7,2,1,9,11) : 1
(7,9,11,1) : 1
(2,1,7,9) : 2
(3,9,10) : 1
(6,9,3) : 2
(2,4,3,1) : 1
(6,8,2) : 8
(8,3,6,9,11,10,2,5,4,1,7) : 1
(8,3) : 35
(7,8,3,11,10,4,6,9) : 1
(4,2,3,1) : 1
(4,8,1) : 2
(2,1,5,9,7,3,8,6,4,11,10) : 1
(6,3,8,2,9,1) : 1
(4,1) : 2
(11,10,6,1,3,2,4,9,8,7,5) : 1
(9,7,10,11) : 1
(7,2,4,1) : 2
(1,2,9,10,5) : 1
(11,10,7,2) : 1
(7,9,2,10,4) : 1
(1,2,9,5) : 1
(7,6,2) : 8
(3,11) : 12
(6,8,3,2) : 19
(8,3,6,9) : 8
(6,7,11,10) : 1
(7,10,3,11,8,9,2,4) : 1
(2,6) : 29
(10,9,7,11) : 1
(6,9,8,7,2,3,10,11,4,1,5) : 1
(7,11,6,8,3,5,10,1,9,2,4) : 1
(2,10,4) : 2
(1,7,9,2,5) : 1
(2,3,6,9) : 2
(3,2,5,6,8) : 1
(7,11,10,3,6,8,9,4,2,1,5) : 1
(4,1,7,5,6,3) : 1
(8,7,3,1,11) : 1
(5,6,3,4) : 1
(7,2,10,9,11) : 1
(9,7) : 11
(7,9,11,2) : 2
(8,6,7) : 1
(11,10,9,7,2,4,1,8,6,3) : 1
(8,2,9,11) : 1
(1,2,4,10,11) : 1
(2,4,9,3) : 1
(3,6,4,9) : 1
(11,4,9,6) : 1
(6,7,4,8,9,3,2,10,11,1,5) : 1
(10,9,11) : 1
(8,3,6,10,5,9,11) : 1
(7,9,10,11,4,2,5,1,6,3,8) : 1
(7,8,3,2,1,4,5,6,9,10,11) : 1
(6,3,8,10,9,2,7) : 1
(6,8,3,4) : 4
(9,7,4,3) : 1
(7,3,8,6,2) : 1
(8,5,6,7,1,3,9,4,2,10,11) : 1
(8,7,2) : 4
(1,3,6) : 2
(3,2,9,11,5) : 1
(6,3,7,8,9,10,5,11,4,1,2) : 1
(5,6,2) : 1
(11,8,7,6,4,3,9,10,2,5,1) : 1
(2,6,3,7) : 1
(8,7,6) : 3
(1,7,5,11) : 1
(7,10,6,8,9,11,5,3,2,4,1) : 1
(3,6,11) : 13
(7,9,2,6,8) : 1
(3,9,8,6,2,4,5,11,10,1,7) : 1
(9,3,2,1) : 1
(2,3,6,5) : 1
(9,11,4) : 2
(1,2,9,7) : 1
(1,11,2) : 1
(6,8,3,7,9,11,4,1,2,5,10) : 1
(11,10,9,4,7,8) : 1
(5,6,4,7,9,10,11,3,8,2,1) : 1
(5,9,6,2) : 1
(10,8,6,7,3) : 1
(5,3,1,8) : 1
(3,2,6,8,9,1) : 1
(2,1,9,8) : 1
(5,6,8) : 3
(8,6,9,2) : 1
(1,5,2,9,4) : 1
(2,9,11) : 2
(3,6,8,11) : 21
(6,3,7,8) : 2
(2,7,3,6,8,9) : 1
(8,9,2,3) : 1
(7,9,3,2) : 2
(7,11,5,10) : 1
(2,9,11,3) : 1
(6,8,3,1,7,10,5,2,4,9,11) : 1
(6,1,2,5,9,11,10,8,3,4) : 1
(2,9,7,3) : 1
(5,6,1) : 1
(2,9,1,3,4) : 1
(6,8,4) : 2
(2,3,7,8,9,11,4) : 1
(2,4,5) : 2
(3,8,6,9,10,2,1,5,11,7,4) : 1
(9,8,11) : 1
(11,7,3,2,6,10) : 1
(1,5,9,4) : 5
(11,6,7,3) : 1
(1,9,2,7) : 1
(6,1,2,11,7,8,9) : 1
(11,2,7,9) : 1
(10,7,5,2,1) : 1
(2,11,1,10) : 1
(3,11,4) : 2
(9,2,3,6,8) : 2
(5,6) : 3
(8,9,7,11,10,3,2,4,6,5,1) : 1
(6,8,3,4,2,5,7,9,10,11,1) : 2
(3,9,4) : 3
(3,6,8,9,2,4,11) : 1
(8,4,2,1) : 1
(10,7,11,8,5,4,9,6,2,3,1) : 1
(2,1,7,4) : 5
(6,8,3,10,5,4,2,1,7,9,11) : 1
(7,10,4,3,11) : 1
(10,11,9,3,2,1,4,5,7,8,6) : 1
(4,2,9,10) : 1
(1,8) : 6
(8,1,6,3,2,4,9) : 1
(7,5,9,1,3,2,4,10,11,8) : 1
(2,6,3,8) : 3
(4,6,5) : 2
(7,9,4,2,10,11,5,6,3,8,1) : 1
(5,1,4,2,9,3,6,7,8,10,11) : 1
(7,5,1) : 2
(2,1,4,10) : 1
(3,6,8,7,2,11,9,10) : 1
(2,6,8,7) : 1
(2,3,6,9,7,8) : 1
(6,7) : 15
(7,8,3,2) : 2
(7,3,1,9) : 1
(8,6,3,5,9) : 1
(2,3,11) : 4
(11,10,9,5) : 1
(7,2,10,11,3) : 1
(9,7,3,6,8) : 1
(7,6,8,3) : 3
(2,9,8) : 1
(8,3,10,6) : 1
(11,9,4,7) : 1
(8,3,6,5,2,4) : 1
(7,3,10) : 6
(7,6,3,2) : 3
(3,2,6,8,4) : 1
(1,7,9) : 4
(8,2,1,3,6) : 1
(2,4,7,9,11,10) : 1
(6,8,11,3) : 4
(2,4,7,9,1) : 1
(1,5,2,7) : 3
(7,6,2,3,8,1) : 1
(9,4,10) : 1
(3,8,2) : 2
(2,3,8,6,5) : 1
(2,1,9,7) : 1
(3,10,6,2) : 1
(6,3,8,11,4) : 1
(8,6,4,3) : 1
(11,5,9,4,2,10,8,7,6,3,1) : 1
(5,2,1,9) : 1
(1,11,10,5) : 1
(2,1,10) : 1
(7,4,2,11,10,9,5,1,6,8,3) : 1
(7,9,10,2,11,8,6,3,4,5,1) : 1
(4,1,9,11) : 1
(7,5,2) : 1
(9,1,10,4,2,6,7,3,5,8,11) : 1
(8,4,2) : 4
(5,2) : 1
(8,9,6,3,10,11,4) : 1
(7,11,9,10) : 4
(3,11,10,8,7,4,5,2,1) : 1
(4,7,1,5) : 1
(9,3) : 2
(7,2,1,9) : 3
(7,4,10) : 4
(7,2,9,11,4) : 1
(7,4,1,2) : 2
(3,8,2,6,9) : 1
(2,1,3,6,8) : 1
(5,9,2) : 2
(7,4,8,1) : 1
(4,9) : 4
(3,6,2,9) : 1
(3,11,6,8,2) : 1
(2,10) : 6
(6,4,2,7,9,11,10,5,1,3,8) : 1
(3,6,8,7,9,4,2,10,11,1,5) : 1
(1,7,2,4,9) : 1
(7,11,2,3,1,10,8) : 1
(11,10,7,9) : 1
(2,7,11,9) : 1
(6,8,3,9) : 5
(11,5,8,10,9,7,1,2,4,3,6) : 1
(3,2,6) : 7
(3,6,8,9,2,1,4,5,11,10,7) : 1
(2,1,4,5,3,6,7,8,9,11,10) : 1
(3,8,6,11) : 5
(5,2,3,6) : 1
(7,10,11,9,5) : 1
(9,10,7,4,11,6,3,8,2,1,5) : 1
(8,3,2,9) : 2
(6,3,10,4,2,11,9,7,5,1,8) : 1
(9,6,4,2) : 1
(2,3,6,8,10) : 1
(10,9,7,3,8,6,2,11,1,5) : 1
(6,2,8,4) : 1
(11,9,10,7,3) : 1
(2,11,4) : 3
(3,2,4,6,7) : 1
(6,3,8,10,11,5,7) : 1
(7,4,8,3,10,2,1) : 1
(3,6,7,8,2,9,4) : 1
(11,10,9,4,7) : 1
(7,2,3,11) : 1
(11,10,8,9,6,3) : 1
(2,3,7,6) : 3
(6,2,11) : 2
(9,2,8,3,6) : 1
(8,1,2,5,6,9,3,10,11,4) : 1
(1,7,2,4) : 1
(8,3,10) : 1
(7,10,11,9,1) : 1
(3,8,2,9,11) : 1
(7,5,1,10,11,9,4,2,6,8,3) : 1
(2,7,10,6,11) : 1
(2,3,1,5,6,8,9,4,7,10,11) : 1
(11,8,6,2) : 1
(7,6,8) : 8
(6,11,8,9,3,4,10,2) : 1
(2,6,3,9,8,10,11) : 1
(11,6,10) : 1
(3,6,9,4,2,8,11,1,5,7,10) : 1
(7,2,6,3,8,9,11,10,5,4,1) : 1
(7,4,11,9) : 1
(3,8,2,5,4,10,11,9,6,7,1) : 1
(2,7,3,4) : 1
(3,11,10,8,7,6) : 1
(7,8,10,6,2) : 1
(5,10,7,1,2) : 1
(6,10,9,8) : 1
(2,8,3,6,1) : 1
(1,7,2,5) : 2
(5,4) : 3
(7,6,10) : 2
(9,7,2) : 8
(7,10,9,11,2) : 1
(5,6,8,11,3) : 1
(10,11,6,9) : 1
(7,10,11,5,9,2,1,4,8,3,6) : 1
(7,1,9,3) : 1
(9,11,7,10) : 1
(5,6,11) : 1
(1,7,9,4,2) : 1
(7,3,6,8,2,11) : 1
(7,8,5) : 1
(1,7,9,5,4,10) : 1
(4,6,8) : 1
(8,6,3,2,1,9) : 1
(7,4,9,3) : 1
(2,1,7,5,4,3) : 1
(7,11,10,5) : 2
(7,2,4,9) : 6
(9,11,8,3) : 1
(2,3,8,7,6,1,4,9,5,10,11) : 1
(7,9,6,8) : 1
(11,2) : 7
(7,2,9,11) : 3
(2,4,10,3) : 1
(3,2,7,9) : 1
(2,8,9,11) : 1
(7,1,9,4) : 2
(2,7,9,4) : 4
(4,3) : 3
(9,6,3,8) : 1
(11,8,6,10) : 1
(6,3,4) : 3
(3,2,7,6) : 1
(8,6,3,2,4,9,10,11,7,1,5) : 1
(10,7,11,9) : 2
(7,8,2,4) : 2
(3,6,8,2,4) : 4
(2,7,4,9,1) : 2
(4,2,9) : 3
(7,11,9,3,4,2,1,5,6,8,10) : 1
(2,7,9,1) : 1
(11,4,6) : 1
(5,1,7,8) : 1
(7,4,1,9) : 1
(7,3,4) : 2
(6,2,8) : 7
(4,1,11,7,2,8) : 1
(6,8,9) : 1
(6,3,8,7,2,1,4,9,10,11,5) : 1
(5,8) : 1
(9,3,6,8) : 1
(7,11,10,4,3,6,8,2,1,9,5) : 1
(8,6,9) : 2
(2,5,10,4) : 1
(7,10,8,6,5) : 1
(6,8,3,2,10,11,9,7,4,1,5) : 1
(7,2,8,3) : 3
(7,11,10,9,8,6,5,4,3,2,1) : 1
(9,2,1,8) : 1
(11,10,7,3,6,8) : 1
(9,6,3,8,2) : 2
(9,3,6) : 1
(4,5) : 2
(3,8,6,1) : 1
(6,3,8,11,9,4,2,10,7,1,5) : 1
(2,1,4,5) : 7
(3,7,8,2,1,4,5,9,6,10,11) : 1
(11,8,3,2,4,5,6,7,9,10,1) : 1
(6,8,9,3,10,4,2,11,1,7,5) : 2
(3,5,9) : 2
(3,1,5) : 1
(8,6,3,1,4,5,2,7,9,11,10) : 1
(1,2,7,9,10,8,6,3,5,11) : 1
(6,8,10,3,2,4,7,11,9,1,5) : 1
(2,1,5) : 7
(7,1,2,3,5,9,8,6,4,11,10) : 1
(6,11,4,7) : 1
(2,9,10,3,6,8) : 1
(6,7,2,3,4) : 1
(6,8,3,9,4) : 2
(5,6,7,8) : 1
(8,2,3,6) : 2
(1,5,4) : 14
(9,4,1,5,2,8,7,6,3,10,11) : 1
(9,2,8) : 1
(9,7,2,8) : 1
(8,9,2,11) : 1
(3,10,6,8,11,4) : 1
(11,7,4,3,5,2,8,9,10,6,1) : 1
(8,6,3,7) : 8
(1,2,7,8) : 2
(7,4,3,2,9) : 1
(2,3,8,6,4) : 1
(7,4,5,1,2) : 1
(8,2,1,9) : 1
(2,4,1,8,3,6) : 1
(6,3,8,7,9) : 1
(3,6,8,2,1,4,7,9,10,11) : 1
(6,8,3,10,11,9,4,2,1,5,7) : 1
(7,3,6,8) : 5
(2,7,11) : 6
(7,8,11,4,3,2,6) : 1
(1,2,4,9) : 5
(6,3,8,11) : 12
(7,1,2,5,3,4,6,8,9,10,11) : 1
(7,10,9,4,11,8,6,3,2,1,5) : 1
(7,9,5,2) : 1
(1,7) : 28
(7,11,9) : 16
(2,8,6,3) : 1
(1,4,3,6,8) : 1
(2,3,11,7) : 1
(9,2,8,7) : 1
(7,10,11,8,6,3,5,4,1,2,9) : 1
(1,9,2) : 3
(7,11,8,5) : 1
(10,7,3) : 1
(2,7,9,4,5,3,6,8,1,10,11) : 1
(7,5,6,2) : 1
(8,4,1) : 2
(1,3,5,4,9) : 1
(8,3,6,4,9,7) : 1
(1,2,9,4,8,6,3,7) : 1
(8,10,7) : 2
(6,10,3) : 2
(4,3,7) : 1
(3,7,8,11,6,9,2) : 1
(11,3,4,2,5,6,7,8,9,10,1) : 1
(2,1,4) : 15
(3,5,8) : 2
(7,10,1,2,11) : 2
(6,3,7,4,2,11,8,5,1,9,10) : 1
(6,3) : 49
(2,7) : 52
(7,9,11,10,4,2,8,6,3,1,5) : 1
(5,7,6,11,9,10,4,3,2,1) : 1
(5,1,4) : 3
(8,11,7,9,6,3,4,2,1,5,10) : 1
(1,7,5) : 5
(8,2,3,6,7,9) : 1
(7,2,5,9) : 1
(5,2,3) : 1
(3,6,8,9,10,11) : 1
(9,11,8,6,3,10) : 1
(2,9,10,6) : 1
(2,9,10) : 4
(1,2,5,4,7,3,6,10,11,9,8) : 1
(3,4,6,8,11,9,2,1,5,7,10) : 1
(8,4,1,11,9,3,6,2,5,10,7) : 1
(8,2,6,3,11) : 1
(11,10) : 11
(2,1,3) : 9
(3,7,8,6) : 6
(6,9,3,8,2,4,1) : 1
(9,6,8,1,3) : 1
(3,6,8,11,10,9,5,4) : 1
(3,8,11,6) : 2
(8,11,2,4,3,1,6,7,9,10,5) : 1
(2,6,3,9,8) : 1
(6,9,11,10) : 1
(6,4,8,9,2) : 1
(2,4,6,9,7) : 1
(9,2,3,11) : 1
(8,3,6,10,9) : 1
(2,4,1,9) : 1
(3,6,8,7,2,4,5,9,10,1,11) : 1
(7,1,4,2) : 1
(3,6,11,7) : 1
(2,1,8,6,9) : 1
(11,10,7,5,2) : 1
(1,5,4,9,2,3,6,8,7,10,11) : 1
(9,7,1,5,2,4,10,8,6,3,11) : 1
(11,10,8,3) : 1
(3,5,1) : 1
(8,6,3) : 205
(2,3,5) : 1
(6,1,3,2) : 2
(7,8,9) : 5
(7,6,3,1,2,4,8,10) : 1
(2,4,7,10) : 1
(3,9,8,6) : 1
(2,6,8,9) : 1
(2,1,7,9,6) : 1
(4,1,7,2,9) : 2
(1,2,9,5,4,7,3,6,8,10,11) : 1
(11,10,9,4,6,8,7,2,3,1,5) : 1
(3,8,6,2,1,7,4) : 1
(6,2,3,1) : 1
(6,3,7,4) : 1
(2,7,11,3) : 1
(2,1,11) : 1
(11,10,5,7) : 2
(5,7) : 2
(4,9,7,2) : 1
(8,3,6,2,1) : 1
(1,2,3,5) : 2
(7,2,1) : 14
(4,11) : 7
(7,5,3,6,2,4) : 1
(7,11) : 64
(1,2,8) : 3
(7,4) : 24
(2,3,1,4,5,6,7,8,9,10,11) : 1
(4,1,2) : 2
(3,8,6,1,2,9,4,7,11,10,5) : 1
(8,3,6,7,10,11,9,2,4,1,5) : 1
(2,10,9,6) : 1
(4,5,1,8) : 1
(5,7,6,8) : 1
(3,2,7,8,4,6,10,5,1,11,9) : 1
(8,9) : 5
(3,10,11,8,9,6) : 1
(1,5,7,4) : 1
(7,10,3) : 3
(1,4,9,11) : 1
(9,2,3) : 2
(7,5,1,2,4,3,10,6,8,11,9) : 1
(3,2,1,8,6) : 1
(6,4,5) : 1
(9,7,2,3,8,6,4) : 1
(3,8,9) : 3
(7,9,11,10,2) : 1
(3,1,10) : 1
(5,8,6) : 1
(11,4,3,9,10,8,6,2,7,1,5) : 1
(6,8,7,3) : 1
(4,6,9,1) : 1
(7,8,3,2,6) : 1
(4,5,1,9) : 1
(7,4,9,11) : 2
(6,2,8,9) : 1
(2,3,6,1) : 1
(7,2,11,9) : 6
(5,4,2) : 1
(2,6,5,3,7,8,10,11,9,4,1) : 1
(7,4,9) : 9
(2,4,1) : 3
(2,3,1,6,8) : 2
(7,4,5) : 1
(11,10,9,4) : 2
(10,9,11,8,6,3,7,4,5,2,1) : 1
(6,11,2) : 3
(6,11,3) : 8
(1,7,4,10,9) : 1
(2,3,4) : 2
(8,2,1) : 2
(3,10,6,9) : 1
(8,6,1) : 1
(7,8,6,3) : 5
(3,6,7,8) : 5
(11,6,3,8) : 1
(1,4) : 19
(3,5,1,8,9,6,2,4,10,11,7) : 1
(7,8,6,11) : 1
(7,3,11,8,2) : 1
(11,8,6,4) : 1
(8,6,4) : 4
(1,2,3,9) : 2
(8,2,6,3,4,1) : 1
(7,2,4,9,5,1,10,8,6,3,11) : 1
(7,6,9,4) : 1
(6,9,4,2) : 1
(11,4,3,10) : 1
(11,7,2,9) : 3
(7,5,4,11) : 1
(7,2,8) : 3
(8,10) : 1
(11,7,4,9) : 1
(8,4,9) : 1
(2,7,4,8) : 1
(7,11,10,2,3,5,4,6,8,9,1) : 1
(1,2,6,8) : 1
(4,7,1,2,6) : 1
(2,4,11) : 1
(11,10,8,6) : 2
(7,6,11) : 8
(3,6,8,11,7,4,5,10,9,2,1) : 1
(8,7,11,9,10,6,5,4,3,2,1) : 1
(7,8,10) : 1
(10,11,7) : 3
(10,11,8,7) : 1
(4,7,11,10,3,6,8,2,9,1,5) : 1
(7,3,2,8,10,11) : 1
(7,3,9,2) : 1
(8,3,10,11,6,9,7) : 1
(6,10,8,3) : 1
(6,8,3,5,2,4,11,9,10,1,7) : 1
(3,2,7,8,6,9,10,4,5,1,11) : 1
(11,5,3,10,8) : 1
(3,4,5,6,7,2,1,8,9) : 1
(7,8,6) : 6
(2,5,1) : 4
(5,1,7,3) : 1
(6,3,7,8,2,1,4,5,9,10,11) : 1
(11,4,7) : 2
(1,4,7,11) : 1
(6,7,11,3,2,1,8,9,10,5) : 1
(11,6,3) : 4
(4,5,6) : 1
(7,3,2,11,8,9,10,4,5,6,1) : 2
(7,3,5,2,9,10,11,8,6,4,1) : 1
(7,1,11,8) : 1
(1,7,9,2) : 2
(7,9,10,1) : 1
(3,8,2,4,6,9,1,11,10,7,5) : 1
(7,9,2,1,5) : 1
(1,7,11,2) : 1
(7,6,2,11) : 1
(6,8,3,1,9,4,2,7) : 1
(3,4,2) : 1
(3,9,6,2) : 1
(3,6,8,2,5,9,1,10,4,11,7) : 1
(7,9,5,4,2,1,11,10,3,6) : 1
(4,7,3,2) : 1
(7,5,3,9) : 1
(7,6,3,2,4,8) : 1
(3,8,6,1,2,7,4,5,9,10,11) : 1
(1,2,6) : 1
(2,8,6,3,4) : 1
(8,2,9,4) : 1
(7,6,2,8,3) : 1
(3,5,8,10) : 1
(3,1,8,2) : 1
(7,6,5,11) : 1
(11,10,9,7,6,8,3) : 1
(3,6,8,5,7,9,4,2,1,10,11) : 1
(3,7,10) : 4
(9,11,10,7) : 1
(7,6,2,3,10,11) : 1
(7,10,2,5,3,4) : 1
(11,9) : 5
(7,9,10) : 9
(7,6,3,4) : 2
(9,11,8,6,3) : 1
(8,6,3,4,10,11) : 1
(1,4,9) : 4
(7,2,6,1,8) : 1
(6,8,3,11) : 15
(2,7,9) : 23
(3,8,11,1,2) : 1
(7,2,10,9) : 1
(1,7,2,5,10,4,11,9,8,6,3) : 1
(1,2,10) : 2
(10,7,2) : 2
(2,3,7,9) : 1
(2,1,4,3,7,6,5,8,9,10) : 1
(9,4,6,2,1) : 1
(11,9,7,4,2,10) : 2
(7,3,6) : 7
(7,6,8,1) : 1
(8,7,2,3) : 1
(11,7,9,2,4,5) : 1
(4,6,2) : 1
(9,4) : 5
(7,8,2) : 6
(2,3,8) : 11
(3,8,6,11,4) : 1
(2,5,6) : 2
(8,6,3,1,2,11,10,9) : 1
(2,3,7) : 16
(10,11,6,8,3,7) : 1
(3,8,4) : 2
(9,11,7) : 3
(11,8,9,10) : 1
(7,10,6,8) : 1
(4,7,9,10) : 1
(7,3,9,6) : 1
(2,3,8,6) : 7
(1,5,3,8) : 1
(1,3,2,7,4,8) : 1
(6,8,3,2,5,4,9,1,10,7,11) : 1
(7,2,11,6) : 2
(11,8,4,3) : 1
(7,6,11,3,8,9,2,10,1) : 1
(2,7,1,4) : 1
(11,4,6,10) : 1
(7,11,3,6,8) : 1
(2,3,6,8,1,5,4,7,11,10,9) : 1
(2,9,7,4,8,6,3) : 1
(6,8,11,3,10,1,4,5,9,2,7) : 1
(3,4,6) : 1
(10,9,2,7) : 1
(11,7,6) : 1
(10,4,9) : 2
(1,8,2,5) : 1
(8,2,6,3,1,5) : 1
(10,11,7,9) : 1
(3,6,8,4,5,1,9,2,11,10,7) : 1
(4,7) : 9
(5,1,9,2) : 1
(2,6,8,3) : 4
(5) : 35
(6,8,7,3,2,1,10,9,4,5,11) : 1
(3,7,9,6,10,11,4,2,1,8,5) : 2
(9,2,11,10,8,6,3,4,7,1,5) : 1
(2,4) : 23
(6,8,5) : 1
(2,6,9) : 1
(3,2,8) : 7
(7,11,8,5,3,4,6,10,9,2,1) : 1
(1,2,9,4,5) : 1
(2,1,5,9) : 1
(7,11,5,10,4,2,9,8,6,3,1) : 1
(7,11,10,3) : 1
(3,7,11) : 6
(6,7,8,3,2,1,4,5,9,11,10) : 1
(2,6,3,1) : 1
(1,2,8,10) : 1
(2,3,6,8,7,10,11,9,1,5,4) : 1
(6,8,3,2,4,1,7,9,10,11,5) : 1
(7,9,5,4,2,1,3,6,8,10,11) : 1
(4,7,9,10,3,5,6,2,1,8) : 1
(7,11,9,8,6,3,2) : 1
(2,7,3,8,6,4,5,11,10,9,1) : 1
(7,2,6) : 2
(10,11,7,9,2,3,4,5,8,6,1) : 1
(7,6,1,3) : 1
(2,9,1,8) : 1
(7,10,2,3) : 1
(11,3,6) : 2
(6,3,8,7) : 15
(2,6,8) : 9
(10,11,9,7) : 4
(6,1,8,10,3) : 1
(6,4,3,8) : 1
(6,8,11) : 8
(7,1,2,6) : 2
(3,7,5,8) : 1
(3,8,6,1,2,7,9,4,10,11,5) : 1
(4,3,6,8) : 3
(3,6,7,8,10,9,11,4,2,1) : 1
(4,2,11,10) : 1
(7,9,2,11) : 3
(10) : 26
(2,4,7,3) : 1
(2,6,11) : 3
(6,3,8,2) : 6
(2,4,1,8) : 1
(8,2,9,6) : 1
(3,6,8,9,10,11,7,5,4,2,1) : 1
(2,7,6,3) : 4
(5,10,4,1,11,9) : 1
(3,8,6,2) : 8
(5,6,7) : 1
(3,6,4,8) : 1
(6,8,5,3,4) : 1
(7,4,6,8) : 1
(2,4,5,9) : 1
(3,6,9,7) : 1
(2,1,4,9,8,6,10,11,7,3,5) : 1
(1,4,7) : 4
(7,1,10,5,2,11) : 1
(8,7,9) : 1
(3,7,10,11) : 1
(6,3,8,5) : 5
(6,7,5,2) : 1
(2,7,4,6,8,9) : 1
(1,5,9) : 10
(4,2,5) : 1
(7,9,2,3) : 1
(7,2) : 76
(7,4,2,1,5,6,9,11,10,8,3) : 1
(2,9,11,7) : 1
(2,11,3) : 1
(2,9,3,10) : 1
(2,3,6,8,4,1,5) : 1
(2,9,6,8) : 1
(6,1,7,2) : 1
(6,10,7) : 1
(3,8,6,9,7) : 1
(7,10,1,2) : 1
(4,8,6,3) : 2
(6,3,7,8,10,11,4,2,1,5) : 1
(1,3,6,8,2,9,4,7,5,10,11) : 1
(8,3,6,4) : 3
(6,8,3,7) : 11
(7,1,2,4,9) : 2
(10,8,6,3,2) : 1
(7,1,2,3,10,4,11,5,6,9,8) : 1
(7,4,9,1) : 1
(6,4) : 2
(1,3,6,4) : 1
(3,8,10,9,2) : 1
(1,2,7) : 5
(2,7,6) : 5
(2,8,4,9) : 1
(11,7,2,8,3,10) : 1
(3,2,6,8) : 12
(5,11,7,6) : 1
(9,10) : 4
(2,7,1,9,11,4) : 1
(3,2,4) : 4
(8,10,11,3,4) : 1
(10,11,7,2,4) : 1
(3,5,6,8) : 2
(3,6,8,4,9,2,5,10,11,1) : 1
(7,3,5,1,2,4,6,8,9,10,11) : 1
(9,7,5,11,10,4) : 1
(6,8,9,10,2,1,3,4,5,7,11) : 1
(3,2) : 13
(11,10,7,3,2) : 1
(2,8,6,7) : 1
(4,6,9,7) : 1
(8,10,4,2) : 1
(2,11,1,3) : 1
(3,2,6,9,8) : 1
(8,3,11,6,4,7,9,10,2,1) : 1
(2,11,8) : 3
(2,6,8,7,3,4) : 1
(3,8,6,2,7,5,4) : 1
(1,9,4,2,5,7) : 1
(7,3,6,8,9,10,11,4,5,1,2) : 1
(9,6,10,11) : 1
(7,2,11,4,10) : 1
(2,5,1,4,8) : 1
(11,10,9,8) : 1
(3,6,7,8,10) : 1
(2,1,8) : 2
(2,1,7,8,3,5,6) : 1
(3) : 332
(7,1,2,4) : 4
(8,3,4,6) : 1
(6,8,3,7,9,4,10,11,2,1,5) : 1
(7,2,9,10,11) : 2
(8,3,6) : 134
(2,3,8,6,7,11) : 1
(1,3,5,9) : 1
(8,6) : 31
(1) : 295
(6,3,4,8,7,9,2,10,11,5,1) : 1
(6,7,8) : 3
(7,3,6,11,8,10,4) : 1
(7,9,10,11,2) : 2
(2,3,1,4,5,7,8,10,11,6,9) : 1
(7,5,11) : 1
(1,6,3,8) : 1
(1,7,9,10) : 1
(3,9,6,8,2,1) : 1
(1,6,8) : 1
(6,11,7,4) : 1
(9,4,5) : 1
(11,7,10,5) : 1
(7,11,10,9,8) : 1
(6,8,3,10,5,9,2,7) : 1
(7,9,2,10) : 1
(3,6,8,11,2,4,1,5,7,9,10) : 1
(2,3,8,7) : 1
(7,4,2,8,10,5,1,6,11) : 1
(4,3,2,5,7,10,11,8,6,1,9) : 1
(3,6,2,4) : 1
(3,8,11,5) : 1
(4,7,10,11,6,5,2,3,8,9,1) : 1
(3,9,2) : 2
(1,9,3,5) : 1
(8,10,6) : 1
(2,3,9,8,10,6,11) : 1
(6,8,3,2,10,5,4,1,11) : 1
(8,6,11,3,7,2,10,9,4,5,1) : 1
(9,8,2,6,3) : 1
(2,7,11,1,5,9) : 1
(8,3,6,1,2,4,5,7,9,10,11) : 1
(2,9,8,3) : 1
(2,6,8,9,10,11,7,5,4,3,1) : 1
(9,2,6) : 1
(7,2,1,6) : 1
(2,9,6,8,1,7) : 1
(7,4,9,2) : 1
(9,1,2,4) : 1
(3,4,8) : 2
(2,1,3,4) : 2
(9,7,11,4) : 1
(2,3,9,8,5,10,4,6) : 1
(3,2,9,8,4) : 1
(7,11,5,6) : 1
(11,9,2,8) : 1
(8,7,6,3) : 2
(3,8,1,2) : 1
(7,1,11,5) : 1
(1,7,11,10,9,2,3,4,5,6,8) : 1
(3,8,6,10,9,2) : 1
(1,7,9,2,4) : 1
(9,6,7) : 1
(3,6,7,8,4,2,9,10,11,5,1) : 1
(10,8,3) : 2
(2,7,11,4) : 2
(3,2,10) : 1
(11,8,6,10,3,4,5,7,9,2,1) : 1
(2,1,4,7,9) : 1
(11,6,9,2,3) : 1
(8,2,1,4,3,9) : 1
(3,8,7) : 2
(11,10,9,6,8) : 1
(9,7,2,1) : 2
(4,3,10,8) : 1
(3,9,5) : 2
(3,10,6) : 3
(7,10,11,2,4,9,1,3,5,6,8) : 1
(3,6,8,5,2,1,4,7) : 1
(5,10,11,4) : 1
(7,2,11,9,4,1) : 1
(1,8,7,5,6) : 1
(11,8,5) : 2
(3,8,11) : 7
(8,6,3,2,7,9,4,5,1,10,11) : 1
(11,1) : 1
(8,3,4) : 1
(3,7,4,9) : 1
(3,11,6,2) : 1
(2,4,9,5,1) : 1
(2,6,7,8) : 1
(7,2,5,10,9) : 1
(2,11,3,8) : 1
(11,6,7,8,10,9,3,4,5,2,1) : 1
(3,9,2,7) : 1
(7,9,11,3) : 1
(7,4,8) : 1
(6,3,11,7) : 1
(1,8,3,6) : 1
(7,9,11,8) : 1
(2,1,3,4,8) : 1
(5,3) : 2
(6,3,8,10) : 5
(2,1,4,5,7,9,6,3,8,10,11) : 1
(3,6,8,9,7,1,11) : 1
(3,8,2,9,4,1,6,5,10,11,7) : 1
(6,8,3,2,4) : 1
(3,6,8,9,4) : 1
(2,8,7) : 4
(8,9,6,2,4) : 1
(2,7,8) : 4
(7,6,3,8,2) : 1
(6,3,8,7,10,9,2,1,11,5,4) : 1
(7,1,2,8,4,3,5,6,9,11,10) : 1
(3,7,10,5,8,9,6,4,2,1,11) : 1
(1,6,2,8) : 1
(7,6,11,9) : 2
(7,8,9,6,3,2,4,10,11,1,5) : 1
(7,6,3,1) : 1
(3,4,6,8) : 2
(2,9,10,11) : 2
(5,8,6,2,9) : 1
(7,11,4,9) : 3
(1,2,4,5) : 3
(2,7,3) : 1
(1,8,6,3,9,5,4,2,11,10,7) : 1
(8,11,1,7) : 1
(5,1,4,2) : 1
(9,10,4) : 1
(4,7,6) : 2
(2,7,10,9,11,8,6,3,1,4,5) : 1
(1,5) : 75
(7,1,11,5,4) : 1
(2,3,4,9,8) : 1
(11,5,10,6) : 1
(10,8,11) : 1
(7,1,8,6,4,9,11,5,2,10,3) : 1
(8,3,10,11) : 1
(8,3,6,10) : 1
(7,11,1,3,6,8,10,2,4,5,9) : 1
(7,2,11,3) : 1
(1,3,6,8) : 1
(1,5,2,7,11,9,4) : 1
(7,6,3,11) : 1
(6,8,10,11) : 1
(9,10,6,4,3,8,2,7,1,11,5) : 1
(2,11,9,7) : 2
(11,4) : 1
(3,6,8,4,9,2,7,5,10,11,1) : 1
(9,11,7,4,2) : 1
(7,2,6,3) : 1
(7,10,6,11,3,8) : 1
(7,2,9,5,4,1,10,11,8,6,3) : 1
(3,2,8,7) : 1
(1,2,4,9,5) : 1
(1,3,8,6,9,2,4,5,7,10,11) : 1
(2,6,5,10) : 1
(7,2,8,9) : 3
(10,11,7,3) : 1
(7,8,4) : 3
(6,2,3,8) : 5
(6,3,8,9) : 9
(7,9,10,11,8,5) : 1
(3,6,8,2,4,9,10,11,7,5,1) : 1
(7,9,4) : 11
(1,6,9) : 1
(7,3,11) : 6
(1,2,3,7) : 1
(7,11,4,2,9,10,3,6) : 1
(3,6,8,9,10) : 1
(3,6,8,7,11) : 2
(4,1,2,7) : 1
(7,2,5,9,1,10) : 1
(8,10,11) : 1
(7,1,4,6,2,5,9,3,10,11) : 1
(2,5,11,9,10,4,1) : 1
(3,11,6,9,8,10) : 1
(4,11,6) : 1
(2,3,8,6,7,5,4,9,10,1,11) : 1
(3,7,2,8) : 1
(10,7,2,9) : 1
(1,8,2) : 1
(11,10,4) : 3
(2,3,7,8,6) : 1
(10,1,9) : 1
(2,6,8,1) : 2
(3,2,6,8,9,7,1,5,10,11) : 1
(11,1,2,5) : 1
(3,4,5,6,7,8,9,10,11,1) : 1
(3,4) : 9
(3,7,6,8,2,9,4,11,10,1,5) : 1
(3,8,4,11) : 1
(7,10,5) : 2
(2,6,4,9) : 1
(2,4,1,9,3,6,8,7,5,10,11) : 1
(2,7,9,11,10) : 2
(10,11,9,3,8,6,5,4,2,7,1) : 1
(8,6,3,11,10) : 1
(6,3,8,2,10,9,4,11,7,1,5) : 1
(7,5,6,8) : 1
(7,2,11,9,4,10) : 1
(8,3,6,10,1) : 1
(7,9,11,10,4) : 1
(1,9,4) : 4
(11,7,5,10,9,8,6,4,3,2,1) : 1
(10,7,3,9) : 1
(8,2,3) : 7
(1,2,6,8,3,4,9,10,11,5) : 1
(7,2,3,9,1,4) : 1
(7,10,9) : 6
(8,6,3,1) : 1
(6,2,8,10,3) : 1
(2,1,9,5) : 2
(7,11,4,1) : 1
(3,2,1,6,8) : 1
(3,6,7,11) : 1
(7,2,11,9,4,1,8,10,5,6,3) : 1
(6,8,3,5) : 2
(7,4,1,11,10,9,6,2) : 1
(7,8,3,6,1,2,9,10,11,5,4) : 1
(2,3,6,7) : 4
(7,11,10,1) : 1
(11,4,8) : 1
(4,7,5,11) : 1
(2,9,4,1,3) : 1
(3,1) : 4
(7,6,3,8,9,4) : 1
(10,11,8,5) : 1
(2,3,8,11) : 2
(5,1) : 28
(2,3,8,9) : 3
(2,3,8,6,10,4) : 1
(7,6,10,11,8) : 1
(1,4,2,7,11) : 1
(3,6,8,1,7,4,5,9,10,11) : 1
(2,1,7,10) : 1
(6,8,10,7) : 1
(9,11,3) : 1
(9,2,7,11) : 1
(9,3,2) : 2
(3,2,1) : 2
(7,3,8,9) : 1
(11,7,10) : 7
(10,11,7,5,3,6,8,9,2,4,1) : 1
(6,2,9,3) : 1
(3,6,8,2,9,4) : 1
(6,8,3,2,11) : 1
(9,7,3,2) : 1
(3,2,9) : 2
(8,6,3,2,11) : 1
(2,1,6,8) : 1
(3,6,8,2,4,9,1,10,5,11) : 1
(1,4,8,11) : 1
(3,7,6) : 5
(8,6,3,11) : 8
(6,7,2) : 3
(6,3,8,4,5,10,11,2,7,9,1) : 1
(7,2,9,1) : 1
(8,3,6,2,4,1) : 1
(7,2,10,11,9,5,3,8) : 1
(3,6,8,11,4) : 1
(7,10,11,6) : 1
(10,9) : 3
(1,2,11,5,3) : 1
(3,8,2,9) : 3
(11,8,9) : 1
(7,2,10,1) : 1
(2,7,4,8,11) : 1
(9,3,10,5,2) : 1
(9,8,1) : 1
(11,5,7,3) : 1
(2,8,3,6) : 3
(3,5,6,7) : 1
(1,8,7,3) : 1
(3,6,8,1) : 4
(7,11,3,6,9,8,10,4,2,1,5) : 1
(5,4,1,2,9) : 1
(10,3,8) : 1
(5,4,1,2,6) : 1
(2,7,9,3) : 2
(2,8,3,4,5,6,7,9,10,1,11) : 1
(6,3,8,10,9,7,4,2,1,11,5) : 1
(3,6,7,8,2,1,4,5,9,10,11) : 1
(2,9,6,4,7,8,3) : 1
(3,1,6) : 1
(7,11,2) : 9
(11,10,9,8,7,6,5,4,3,2,1) : 1
(6,9) : 7
(2,8,3,4) : 1
(7,9,10,11) : 6
(7,8,6,3,9,5,4,2,10,11) : 1
(7,11,6) : 3
(7,3,6,2) : 2
(11,10,7,8) : 1
(1,3,2,6,8,9,4,5,7,10,11) : 1
(6,8,3,11,2) : 1
(1,5,4,8) : 1
(6,3,8,7,10) : 1
(8,2,5) : 2
(3,2,1,6,8,7) : 1
(7,9,1) : 4
(9,6,5,4,3,2,1,11,10,7,8) : 1
(6,8,3,7,10,11) : 1
(10,11,7,6,8,9,3,4) : 1
(1,2,5,3,9,4,6,8) : 1
(7,1,2,3,4,10,11,5,6,8,9) : 1
(7,3,8,4) : 1
(7,8,3) : 13
(1,7,10,9) : 1
(3,6,8,4,2,7) : 1
(7,2,1,5,9,4,3,6,8,10,11) : 1
(4,7,9,10,11,1,2,5,6,8,3) : 1
(3,2,6,9) : 2
(1,5,9,2) : 1
(2,1,7,8,3) : 1
(7,8,3,11) : 2
(9) : 71
(1,6) : 1
(2,7,1,9,8) : 1
(3,7,9,10,6,4,11,1,2,5) : 1
(6,2) : 10
(8,1,5,2,4,11,9) : 1
(7,4,5,9) : 2
(3,2,5,6) : 1
(2,9,10,11,5,4) : 1
(7,4,2,10) : 1
(6,8,11,7) : 1
(3,7,8,11) : 1
(11,9,7,10,2,4) : 1
(3,8,7,11,9,10,6) : 1
(4,7,2,9) : 1
(7,11,9,4,10,5,2,1,3,6,8) : 1
(7,8,6,3,1,2,5,4,9,11,10) : 1
(6,3,8,7,1,5,4,2,9,11,10) : 1
(7,4,11,10,9) : 1
(4,5,6,11,10,9,8,7,3,2,1) : 1
(2,3,6,4) : 1
(2,11,7,4,1,8,9,3,6,10) : 1
(3,2,1,6) : 2
(4,2,1) : 2
(4,7,9) : 1
(7,10,3,2) : 1
(7,6) : 28
(2,4,8,11) : 1
(2,8,6,5,11) : 1
(6,3,2) : 2
(2,10,8,6,3,9,1,5,4,11) : 1
(6,8,3,4,2,1,5,9,10,11,7) : 1
(3,4,6,8,2,1,9,7,5,11,10) : 1
(11,9,6,3,2) : 1
(7,2,9,11,8,6,3) : 1
(1,5,7,2) : 1
(3,8,7,6) : 2
(7,11,10,2) : 2
(7,1,4,8) : 1
(2,11,9,8,6,3,1,4,10,5,7) : 1
(7,11,9,1) : 1
(8,3,6,2,1,4,5,9,10,7,11) : 1
(1,9,5) : 4
(1,4,7,5,6,8,3,2,10,9,11) : 1
(11,10,7,9,6) : 1
(10,8,6,3,11,9,7,5,4,2,1) : 1
(9,3,6,7) : 1
(6,8,7,2) : 1
(9,1,2,10,5) : 1
(8,3,6,2,1,4,5,7,11,10,9) : 1
(7,10,3,11) : 1
(11,10,6) : 2
(1,4,2,5,3) : 1
(2,4,9,6) : 2
(4,8,3,11,6) : 1
(8) : 156
(6,11,9,3,4) : 1
(7,11,10,9) : 5
(6,7,9,2) : 1
(6,3,8,1,2) : 1
(11,7,1) : 1
(9,2,7) : 3
(6,3,8) : 224
(7,1,3,8) : 1
(8,1,5,4) : 1
(8,11,10,6,3) : 1
(9,11) : 3
(3,11,6) : 7
(7,6,2,4) : 1
(2,5) : 4
(6,11,5,8) : 2
(8,1,7) : 1
(5,7,8) : 1
(2,3,11,7,8) : 1
(6,3,8,10,11,9,1,2,4,5,7) : 1
(7,11,8,9,4,2) : 1
(4,2,8,9,1,3,5,6,7,10,11) : 1
(6,2,11,3,8) : 1
(8,6,3,2,4,5,9,7,1,10,11) : 1
(10,6,3) : 3
(4,6) : 2
(4,2,7) : 2
(7,1,2,11) : 2
(3,5,6,1) : 1
(7,1,5,2,9,4,10,11,6,8,3) : 1
(9,7,2,10,11) : 1
(7,9,3,8,2,6,10) : 1
(1,5,4,2) : 3
(1,2,4,9,10,11,5,3,8,6,7) : 1
(7,9,2,8) : 2
(2,9,7,1) : 1
(3,2,6,8,5,7,9,10,11,4,1) : 1
(7,2,11,4) : 2
(7,10,6,3,2,5,8,9,4,1,11) : 1
(8,6,7,2) : 1
(8,1,3,6,7) : 1
(7,11,10,9,8,3,6,4,2,5,1) : 2
(7,11,6,9,2,3,4,8,10,5,1) : 1
(7,2,5,11) : 1
(11,3) : 2
(11,10,7,6,8,3,2,9,4,5,1) : 1
(8,3,2,4,5,1,6,7,9,10,11) : 1
(11,10,3) : 2
(4,9,7,5) : 1
(8,2,3,6,7,10,11) : 1
(2,7,9,4,1,11,10,3,6,8,5) : 1
(11,4,5,2) : 1
(3,9,7) : 1
(2,7,4,9) : 1
(3,7,4) : 1
(11,8,7) : 2
(2,9,1,6) : 1
(6,7,11) : 5
(8,9,1,2,6,11,10) : 1
(3,6,8,5) : 4
(2,5,4) : 2
(3,11,6,9) : 1
(6,7,11,9,10,8,2,3,4,5,1) : 1
(4,11,10,2,6,3,8,9,7,5,1) : 1
(11,1,5,4) : 1
(9,5,1,2,7,4,3,6,8,10,11) : 1
(11,1,7,9) : 1
(7,6,8,4,3) : 1
(6,3,11,9) : 1
(1,9,2,5) : 1
(3,4,11,10) : 1
(10,4,11,5) : 1
(7,9,1,2) : 2
(7,2,1,3) : 1
(4,7,10,2) : 1
(2,9,7,4,1) : 1
(2,7,3,8) : 2
(7,4,2,9) : 3
(4,1,9) : 1
(8,6,3,2,10) : 2
(8,7,6,3,11,2) : 1
(8,3,6,7) : 5
(11,10,2,4,9,7,6,8,3,1,5) : 1
(7,8,3,9) : 1
(6,11,7,3,8,9) : 1
(2,4,6,3,1) : 1
(5,1,9,2,4,7,11,10,6,8,3) : 1
(9,8) : 3
(3,11,6,8) : 3
(2,9,10,7,11,3,8,6,5,4,1) : 1
(1,5,2) : 5
(3,6,7,1) : 1
(4,9,2,3,6,8,7,11,1,5) : 1
(6,7,8,11,2,4) : 1
(5,8,6,4,3,2,7,9,1,11,10) : 1
(9,3,8,10,6,11,7,2,4) : 1
(3,6,8,7,2,9,11) : 1
(11,10,9,8,7,5,6,3,2) : 1
(2,7,1,9) : 3
(2,3,4,6,11,9) : 1
(4) : 75
(3,6,7,2) : 1
(2,8,3) : 11
(3,6,8,4) : 12
